Name,RAJ2000,DEJ2000,Dist,Kmag,Bmag,a26,b/a,HRV,i,TT,Mcl
UGC02905,59.25249999999999,16.52444444444444,5.83,12.17,15.76,1.0,0.6,292,62,10,Ir
UGC02684,50.098749999999995,17.294999999999998,6.49,13.46,16.29,1.95,0.5,350,72,10,Ir
UGC02716,51.029999999999994,17.754166666666663,6.4,11.5,14.64,1.58,0.56,381,57,8," "
Segue 2,34.81666666666666,20.175277777777776,0.03,11.36,16.2,5.4,0.85,-39,39,-3,Sph
UGC1561,31.02083333333333,24.207777777777775,7.2,11.83,14.51,2.34,0.86,606,34,9,BCD
NGC0855,33.51541666666666,27.87722222222222,9.73,9.83,13.3,3.09,0.38,591,85,0,dS0em
NGC1156,44.92666666666666,25.237499999999997,7.8,9.55,12.32,3.31,0.85,373,32,8," "
LV J0300+2546,45.16374999999999,25.78222222222222,7.8,14.5,18.1,0.35,0.87,308,33,10,Ir
AGC122226,41.66208333333333,27.726388888888884,8.56,14.25,17.08,0.85,0.55,472,67,9,BCD
DDO025,38.32583333333333,33.49111111111111,9.3,10.98,13.96,2.57,0.92,604,23,8," "
KKH18,45.774583333333325,33.69444444444444,4.43,13.56,16.7,0.71,0.57,216,65,10,Ir
UGC02773,53.02958333333333,47.793611111111105,5.4,9.77,15.0,1.2,0.75,216,47,9,Im
UGCA105,78.56291666666665,62.580833333333324,3.15,8.2,12.14,5.5,0.64,113,51,8," "
KK13,25.569999999999997,26.367777777777775,7.2,13.86,16.57,0.71,0.57,357,65,10,Ir
And XXII,21.916666666666664,28.090277777777775,0.79,14.4,18.8,1.4,0.44,-127,90,-3,Sph
KK16,28.83583333333333,27.954166666666662,5.47,13.68,16.3,1.32,0.37,207,90,10,Ir
KK15,26.67333333333333,26.801388888888884,7.2,15.54,18.22,0.59,0.33,366,90,10,Ir
IC1727,26.875416666666663,27.331111111111106,7.2,8.97,12.07,6.92,0.36,336,70,8," "
NGC0672,26.971666666666664,27.43361111111111,7.2,8.51,11.31,7.24,0.36,429,71,6," "
KK14,26.177916666666665,27.287777777777773,7.2,14.84,17.47,0.79,0.37,420,90,10,Ir
NGC0784,30.319999999999997,28.84361111111111,4.97,10.29,12.22,6.61,0.23,193,79,8," "
KK17,30.041249999999994,28.832499999999996,4.9,14.24,17.2,1.0,0.5,168,72,10,Ir
AGC112521,25.28291666666666,27.323888888888884,6.52,15.2,17.8,0.6,0.55,274,67,10,Ir
MESSIER033,23.461666666666662,30.66027777777777,0.85,4.1,6.27,69.18,0.61,-182,54,5," "
UGC01281,27.384583333333328,32.592499999999994,4.94,10.5,12.87,5.62,0.18,157,85,7," "
And XIV,12.895833333333332,29.69694444444444,0.73,12.56,16.9,2.7,0.68,-481,60,-3,Sph
And XVI,14.874166666666664,32.376666666666665,0.52,11.33,15.7,1.78,0.9,-385,31,-3,Sph
And II,19.124166666666664,33.41916666666666,0.65,10.75,15.1,2.82,0.8,-194,45,-3,Sph
NGC0404,17.36208333333333,35.717499999999994,3.05,7.53,11.21,3.47,0.95,-50,20,-1,S0em
And XXIII,22.34083333333333,38.718888888888884,0.73,10.74,15.1,7.3,0.6,-243,71,-3,Sph
UGC01703,33.232499999999995,32.814166666666665,4.19,12.52,17.0,0.79,0.55,,72,-2,Tr
d0226+3325,36.71999999999999,33.42694444444444,9.3,14.86,17.5,1.66,0.92,520,26,10,Ir
NGC0925,36.81666666666666,33.57805555555555,9.29,7.87,10.58,11.75,0.56,553,57,7," "
Halogas,36.83333333333333,33.95833333333333,9.3,15.35,18.0,0.43,0.75,528,47,10,Ir
DDO019,36.250833333333325,36.03777777777777,9.3,13.14,15.8,2.14,0.76,577,46,10,Ir
DDO022,38.224999999999994,38.68055555555555,9.3,13.11,15.65,1.74,0.31,570,90,10,Ir
DDO024,38.42916666666666,40.52805555555555,9.8,10.86,13.68,2.62,0.81,581,36,8," "
NGC0891,35.63666666666666,42.346666666666664,9.77,5.94,10.71,13.18,0.29,526,82,3," "
UGC02172,40.544999999999995,43.35527777777777,9.3,12.37,14.6,1.41,0.61,565,61,10,Ir
And XIII,12.962499999999999,33.00444444444444,0.84,13.78,18.2,1.3,0.75,-195,52,-3,Sph
Bol520,12.676666666666664,32.91638888888888,0.63,13.31,16.28,0.2,0.89,-312,33,-3,dE
And XI,11.583333333333332,33.80138888888889,0.73,14.08,18.5,1.1,0.85,-419,39,-3,Sph
And XII,11.862499999999999,34.37472222222222,0.83,14.15,18.7,1.9,0.9,-556,31,-3,Sph
And III,8.890833333333331,36.49777777777777,0.75,11.01,15.2,3.63,0.48,-346,90,-3,Sph
And I,11.416666666666664,38.03722222222222,0.73,9.59,13.9,2.88,0.78,-376,48,-3,Sph
And IV,10.625416666666665,40.57583333333333,6.31,14.54,17.18,1.0,0.77,237,45,10,Ir
MESSIER032,10.675416666666665,40.866388888888885,0.49,5.1,8.89,8.91,0.71,-202,53,-2,dEem
And XV,18.577916666666663,38.11749999999999,0.76,11.62,15.9,1.9,0.85,-323,39,-3,Sph
And IX,13.219999999999999,43.199999999999996,0.79,12.3,16.7,4.0,0.75,-216,52,-3,Sph
And X,16.640416666666663,44.804444444444435,0.63,12.1,16.7,2.1,0.56,-164,79,-3,Sph
MESSIER031,10.685416666666665,41.26916666666666,0.77,0.99,4.29,190.55,0.33,-296,78,3," "
NGC0205,10.093749999999998,41.686388888888885,0.82,5.59,8.72,19.5,0.61,-221,64,-2,dE
UGC00288,7.266666666666666,43.43166666666666,6.73,12.99,15.64,1.07,0.62,187,60,10,Ir
UGC00064,1.9333333333333331,40.87555555555555,9.6,12.84,15.5,1.66,0.56,305,66,10,Ir
And XVIII,0.5604166666666666,45.08888888888888,1.36,12.49,17.0,1.4,0.99,-332,10,-3,Sph
And XVII,9.279166666666665,44.322222222222216,0.74,13.31,17.7,1.9,0.8,-251,43,-2,Sph
And XXVII,9.362916666666665,45.38694444444444,0.83,13.19,17.6,2.8,0.6,-535,71,-3,Sph
And XXV,7.5370833333333325,46.851944444444435,0.81,11.42,15.9,4.8,0.75,-108,52,-3,Sph
NGC0185,9.741666666666665,48.3361111111111,0.61,6.56,9.99,12.3,0.85,-203,39,-3,dE
NGC0147,8.298333333333332,48.50777777777777,0.76,7.2,10.36,13.49,0.61,-193,70,-3,Sph
And XXX,9.145416666666666,49.64666666666666,0.68,,,,,-141,,," "
And XXVI,5.9399999999999995,47.91611111111111,0.76,13.88,18.4,1.6,0.75,-261,52,-3,Sph
And XXIV,19.624999999999996,46.3661111111111,0.6,12.78,17.2,3.3,0.75,-128,52,-3,Sph
And V,17.57125,47.62805555555555,0.81,11.33,15.92,2.4,0.82,-403,43,-3,Sph
KKH5,16.885416666666664,51.44027777777777,4.27,13.63,17.1,0.87,0.62,61,60,10,Ir
KKH6,23.714999999999996,52.09166666666666,3.73,13.73,17.0,0.87,0.6,60,62,10,Ir
IC0010,5.102083333333333,59.29166666666666,0.66,6.51,11.78,6.76,0.87,-346,33,10,Ir
KKH11,36.14583333333333,56.011666666666656,3.0,11.74,16.2,1.66,0.54,296,68,10,Ir
KKH12,36.8625,57.48777777777777,3.0,11.79,17.8,1.7,0.29,70,90,10,Ir
MB3,43.93166666666666,58.86166666666666,3.0,10.93,19.38,1.58,0.31,59,90,10,Ir
Dw1,44.23374999999999,58.91166666666666,2.8,5.17,15.01,2.0,0.65,112,52,3," "
Dw2,43.53541666666666,59.00527777777777,3.0,10.22,17.97,1.0,0.4,94,90,10,Ir
Maffei2,40.477083333333326,59.60305555555555,2.8,4.5,14.77,3.8,0.5,-15,63,4," "
MB1,38.898333333333326,59.37972222222221,3.0,10.46,17.8,1.07,0.42,190,87,10,Ir
Maffei1,39.14791666666666,59.654999999999994,3.01,5.55,13.47,2.69,0.85,66,39,-3," "
UGCA092,68.00124999999998,63.61388888888888,3.01,11.0,15.22,2.0,0.5,-95,72,10,Ir
NGC1569,67.70458333333332,64.84805555555555,3.06,7.5,11.79,3.98,0.51,-86,60,8," "
CamB,73.27874999999999,67.09916666666666,3.34,13.36,16.71,1.48,0.5,78,72,10,Ir
UGCA086,59.95624999999999,67.12527777777777,2.96,8.17,13.5,4.47,0.69,72,47,8," "
KK35,56.302499999999995,67.86388888888888,3.16,11.06,15.7,2.51,0.68,-66,54,10,Ir
IC0342,56.70374999999999,68.09583333333332,3.28,4.57,9.37,21.38,0.91,29,25,6," "
KKH34,89.92166666666665,73.4275,4.61,13.76,17.1,0.93,0.56,106,66,10,Ir
NGC1560,68.20791666666666,71.8811111111111,3.45,9.26,12.11,9.77,0.15,-36,90,7," "
CamA,66.315,72.80583333333333,3.93,11.64,14.84,3.72,0.57,-54,65,10,Ir
Cas1,31.53291666666666,69.00999999999999,3.3,9.34,15.29,2.19,0.77,35,45,10,Ir
KKH22,56.235833333333325,72.06444444444443,3.5,14.13,18.0,1.05,0.52,,70,10,Tr
KKH46,137.15249999999997,5.292222222222222,5.6,14.52,17.05,0.6,0.86,598,34,10,Ir
IC0559,146.18291666666664,9.615277777777777,9.4,12.52,14.98,1.32,0.74,541,48,9,BCD
LSBC D634-03,137.22291666666663,14.581944444444442,9.55,15.0,17.5,0.47,0.88,335,32,10,Ir
LeoT,143.72249999999997,17.051388888888887,0.42,14.03,16.5,2.09,0.71,39,51,10,Ir
Segue 1,151.76333333333332,16.07361111111111,0.02,11.98,16.21,7.0,0.52,206,90,-3,Sph
LeoP,155.43791666666664,18.088055555555552,2.0,14.75,17.2,0.55,0.54,262,68,10,Ir
KDG056,142.55374999999998,19.991666666666664,8.9,14.5,17.02,0.68,0.8,561,41,10,Ir
UGC05086,143.20374999999999,21.464999999999996,8.9,12.13,16.36,0.98,0.9,491,31,-3,Sph
NGC2903,143.04,21.500555555555554,8.87,6.04,9.53,12.59,0.48,556,64,4," "
LV J0913+1937,138.4125,19.618888888888886,4.43,14.88,17.4,0.54,0.45,445,79,10,Ir
LSBC D564-08,135.725,20.075277777777774,8.67,15.44,17.9,0.72,0.71,483,51,10,Ir
NGC2903-HI-1,142.66625,21.723611111111108,8.9,15.73,18.2,0.27,0.75,582,47,10,Ir
LSBC D565-06,139.87249999999997,21.60333333333333,9.08,14.79,17.3,0.6,0.86,498,34,10,Ir
UGC04115,119.25749999999998,14.390833333333331,7.73,12.13,15.23,1.91,0.56,343,66,10,Ir
AGC198507,138.8575,25.41944444444444,21.7,16.12,18.6,0.2,0.75,502,47,9,BCD
AGC198508,140.73749999999998,24.946666666666662,10.4,15.3,17.8,0.38,0.57,519,65,10,Ir
KISSB023,145.05291666666665,29.591388888888886,19.8,13.9,16.32,0.83,0.34,544,90,10,Ir
LV J0926+3343,141.53916666666666,33.717777777777776,19.7,15.13,17.8,0.85,0.24,540,79,8," "
AGC182595,132.80041666666665,27.879999999999995,6.1,14.68,17.2,0.36,0.58,398,64,9,BCD
KUG 0821+321,126.27083333333331,32.0175,8.15,14.27,16.8,0.68,0.63,642,59,10,Ir
UGC04787,136.89541666666665,33.276666666666664,20.3,11.69,14.6,2.45,0.28,553,76,8," "
KK70,133.84166666666664,33.55916666666666,7.7,13.48,17.7,0.5,0.97,,17,-3,Sph
NGC2683,133.17041666666665,33.417222222222215,7.73,6.33,10.34,13.49,0.24,411,90,3," "
KK69,133.21124999999998,33.797777777777775,7.7,14.93,17.4,1.38,0.76,462,46,10,Ir
UGC04704,134.75124999999997,39.209999999999994,15.2,11.91,15.0,4.37,0.11,599,90,8," "
UGC05672,157.0870833333333,22.571388888888887,11.4,11.55,14.65,3.09,0.28,531,76,8," "
NGC3344,160.8758333333333,24.923611111111107,6.85,7.44,10.45,7.59,0.9,588,27,4," "
AGC749315,157.27666666666664,26.91055555555555,21.5,16.66,19.1,0.11,0.86,645,34,9,BCD
NGC3274,158.07125,27.668611111111108,7.98,10.74,13.21,2.4,0.48,541,63,7," "
AGC731448,155.93749999999997,27.11083333333333,13.5,14.14,16.6,0.48,0.66,540,56,9,BCD
AGC731457,157.9825,28.02583333333333,9.2,14.34,16.8,0.38,0.64,454,58,10,Ir
KKH65,162.99624999999997,28.362499999999997,10.0,13.23,17.4,0.58,0.86,,35,-2,Sph
MRK0036,166.24374999999998,29.13944444444444,8.02,14.0,15.61,0.68,0.64,646,58,9,BCD
DDO083,159.18041666666664,31.546666666666663,10.9,13.41,15.41,2.04,0.4,582,90,10,Ir
NGC3413,162.83624999999998,32.76638888888888,12.02,10.36,13.23,2.22,0.51,634,60,8," "
DDO068,149.19041666666664,28.824999999999996,9.8,12.82,14.77,2.0,0.37,503,90,10,Ir
UGC05427,151.17083333333332,29.366388888888885,7.11,12.2,14.89,1.38,0.67,498,49,8," "
LV J1000+3032,150.1520833333333,30.536111111111108,7.1,15.64,18.06,0.28,0.71,501,51,10,Ir
LeoA,149.85999999999999,30.746388888888884,0.81,10.49,12.92,5.75,0.61,24,61,10,Ir
DDO084,160.67458333333332,34.44888888888888,8.11,11.17,13.73,4.47,0.74,630,43,8," "
KUG 1033+366B,159.07333333333332,36.42527777777777,8.1,14.58,17.0,0.6,0.53,620,69,9,Im
VV747,164.4458333333333,36.26083333333333,9.2,13.07,15.5,1.1,0.56,619,66,10,Ir
HS1053+3624,164.16833333333332,36.14111111111111,9.2,15.34,17.76,0.5,0.49,572,74,10,Ir
KK109,176.79666666666665,43.671944444444435,4.51,15.68,18.1,0.45,0.67,211,55,10,Ir
LV J1052+3628,163.02291666666665,36.47666666666666,9.2,15.5,17.9,0.44,0.69,476,53,10,Ir
UGC05983,163.07291666666666,36.59333333333333,9.2,13.6,16.0,1.1,0.61,765,61,10,Ir
NGC3432,163.1295833333333,36.61888888888888,9.2,9.06,11.67,5.37,0.22,611,80,8," "
LV J1052+3639,163.17,36.66499999999999,9.2,13.4,15.8,1.68,0.37,511,90,10,Ir
NGC3741,174.02666666666664,45.28527777777777,3.03,12.26,14.38,1.48,0.55,229,67,9,BCD
UGC06541,173.37124999999997,49.23805555555555,3.89,11.85,14.44,1.74,0.57,249,65,10,Ir
KK78,147.58166666666665,31.456666666666663,7.1,15.25,17.68,0.41,0.6,539,62,10,Ir
UGC05209,146.26749999999998,32.23833333333333,6.56,13.64,16.06,0.83,0.96,535,18,10,Ir
DDO064,147.5933333333333,31.487499999999997,7.11,12.45,14.46,2.19,0.38,521,90,10,Ir
UGC05186,145.74916666666664,33.26444444444444,8.3,13.87,16.27,1.38,0.23,546,90,10,Ir
LV J0954+3620,148.7108333333333,36.333888888888886,15.4,15.54,17.93,0.34,0.67,503,55,10,Ir
KKH58,151.8445833333333,38.96972222222222,18.4,12.94,15.61,1.26,0.48,587,62,8," "
NGC3104,150.98916666666665,40.756944444444436,16.0,11.24,13.97,3.55,0.56,603,57,8," "
LV J1018+4109,154.59249999999997,41.165833333333325,11.1,14.25,18.4,0.38,0.86,,34,-1,Sph
NGC3184,154.57083333333333,41.42444444444444,11.12,7.23,10.36,7.41,0.93,592,22,6," "
KUG 1013+414,154.06499999999997,41.16638888888888,11.12,12.73,15.4,1.13,0.39,518,68,8," "
KUG 0937+480,145.08166666666665,47.777222222222214,7.88,14.59,17.0,0.85,0.36,546,90,9,Im
LV J1000+5022,150.10625,50.37916666666666,7.97,14.7,17.1,0.58,0.76,538,46,9,Im
LV J1028+4240,157.1375,42.66888888888888,7.55,15.01,17.4,0.48,0.71,547,51,10,Ir
Willman1,162.33749999999998,51.04999999999999,0.04,11.89,16.04,3.7,0.53,-12,74,-2,Sph
KDG078,172.47499999999997,52.40388888888888,9.0,14.29,16.7,0.74,0.71,575,51,10,Tr
NGC3990,179.3983333333333,55.458611111111104,10.3,9.55,13.43,1.69,0.57,696,65,-1," "
NGC3738,173.9525,54.52277777777777,4.9,9.61,11.87,3.39,0.73,225,49,9,BCD
KKH73,177.52666666666664,55.783333333333324,9.0,14.91,17.3,0.69,0.94,594,22,10,Tr
LV J1157+5638,179.4758333333333,56.638055555555546,7.03,14.68,17.1,0.48,0.81,416,40,10,Ir
DDO092,168.35875,53.59499999999999,9.9,13.2,15.6,1.38,0.78,928,44,9,Im
NGC3556,167.87916666666663,55.67388888888888,9.9,7.04,10.69,5.01,0.25,696,80,6," "
UMa I,158.71999999999997,51.919999999999995,0.1,11.12,15.29,18.0,0.2,-55,90,-3,Sph
UGC06757,176.74624999999997,61.334999999999994,2.73,13.82,16.3,1.1,0.55,82,67,10,Ir
DDO043,112.07166666666664,40.77027777777777,5.73,13.07,15.12,1.41,0.69,353,53,10,Ir
DDO052,127.11874999999998,41.85666666666666,10.28,12.37,15.27,1.74,0.5,396,72,10,Ir
DDO046,115.35749999999999,40.1125,6.85,12.2,14.4,1.78,0.94,364,22,10,Ir
IC2233,123.49541666666664,45.74222222222222,12.2,10.76,13.07,4.9,0.11,557,90,7," "
NGC2537,123.31124999999999,45.99055555555555,12.2,9.13,12.27,2.57,0.88,449,29,8," "
NGC2541,123.66708333333331,49.06166666666666,12.4,10.09,12.26,7.08,0.53,559,59,7," "
LV J0812+4836,123.16458333333331,48.61249999999999,12.42,14.55,17.1,0.52,0.31,521,90,9,BCD
NGC2552,124.83541666666665,50.009722222222216,12.4,10.0,12.69,3.72,0.74,524,43,8," "
NGC2500,120.47166666666665,50.737222222222215,12.4,9.28,12.23,3.31,0.84,514,33,7," "
UGC03600,103.91666666666666,39.09499999999999,7.24,13.22,16.18,1.91,0.36,398,70,8," "
UGC03698,107.32833333333332,44.379999999999995,7.24,12.68,15.41,1.17,0.6,421,62,10,Ir
NGC2337,107.55666666666666,44.45694444444444,7.87,10.34,13.48,2.75,0.75,433,47,9,Im
UGC03475,97.61999999999999,39.50388888888888,20.0,12.52,15.2,2.09,0.57,487,57,6," "
KKH38,101.97874999999999,47.513888888888886,19.3,14.68,17.4,1.38,0.54,451,68,10,Ir
UGC03501,99.65999999999998,49.258333333333326,15.5,13.89,16.7,1.12,0.37,451,90,10,Ir
UGC03817,110.68541666666665,45.10833333333333,8.55,11.89,15.96,1.74,0.5,437,72,10,Ir
LV J0737+4724,114.36874999999998,47.40916666666666,15.7,15.28,18.06,0.42,0.4,404,90,10,Ir
CGCG 262-028,116.88374999999998,51.19138888888888,7.1,12.81,14.8,1.0,0.52,454,70,9,BCD
KKH40,116.73499999999999,51.2961111111111,6.98,14.0,16.6,0.66,0.72,445,50,10,Ir
UGC04932,139.89208333333332,51.10916666666666,20.6,13.15,15.17,1.86,0.32,549,73,8," "
MCG +09-16-010,140.82083333333333,51.97305555555555,7.35,13.54,16.2,0.92,0.78,484,39,8," "
UGC05047,142.20666666666665,51.560555555555545,19.68,13.0,16.0,1.62,0.28,502,76,7," "
UGC04879,139.00916666666666,52.83999999999999,1.36,11.5,13.8,3.24,0.56,-25,66,9,BCD
UMa II,132.87499999999997,63.12999999999999,0.03,10.35,14.8,25.3,0.5,-116,80,-2,Sph
KKH57,150.06666666666663,63.18499999999999,3.91,13.69,17.87,0.6,0.83,,41,-3,Sph
UGC05497,153.20166666666665,64.10749999999999,3.7,13.18,15.6,0.89,0.74,150,48,9,BCD
DDO087,162.4020833333333,65.53055555555555,7.45,11.86,15.15,1.58,0.9,340,29,10,Ir
BK6N,158.63291666666663,66.01166666666666,3.85,12.75,16.9,1.1,0.64,,66,-3,Sph
KDG063,151.28041666666664,66.55499999999999,3.5,11.53,16.01,1.91,0.88,-129,34,-3,Tr
[CKT2009]d0958+66,149.70208333333332,66.84972222222221,4.04,13.41,16.0,0.87,0.58,90,64,9,BCD
[CKT2009]d1006+67,151.69249999999997,67.2011111111111,3.87,15.32,19.7,0.32,0.97,,17,-3,Sph
KDG064,151.75791666666666,67.82749999999999,3.7,11.19,15.52,1.95,0.47,-15,90,-3,Tr
BK5N,151.16791666666666,68.25555555555555,3.78,13.2,17.53,0.79,0.75,,52,-3,Sph
IKN,152.0245833333333,68.39916666666666,3.75,12.16,16.5,2.69,0.85,-140,39,-3,Sph
[CKT2009]d1014+68,153.7325,68.7575,4.57,15.92,20.2,0.2,0.9,,29,-1,Tr
[CKT2009]d1015+69,153.77874999999997,69.0375,4.07,16.21,20.5,0.25,0.98,,13,-1,Tr
UGC04998,141.30041666666665,68.38305555555554,8.24,11.11,15.0,1.78,0.62,632,60,9,BCD
KK77,147.54166666666666,67.50666666666666,3.48,11.63,16.3,2.4,0.75,,52,-3,Sph
F8D1,146.20833333333331,67.47555555555554,3.77,11.22,15.7,2.19,0.91,-125,29,-3,Sph
NGC2976,146.81499999999997,67.9136111111111,3.56,7.53,11.01,5.75,0.46,6,64,7," "
BK3N,148.45208333333332,68.96916666666665,4.02,16.11,18.78,0.32,0.8,-40,41,10,Ir
FM1,146.29166666666666,68.76499999999999,3.4,13.12,17.5,0.89,0.89,,33,-3,Sph
GARLAND,150.92499999999998,68.69333333333333,3.82,14.18,16.8,3.98,0.6,43,62,10,Ir
NGC3077,150.83749999999998,68.73388888888888,3.82,7.32,10.62,6.46,0.83,19,38,9,dEem
ClumpIII,150.16833333333332,68.66027777777776,3.6,17.17,19.8,0.1,0.95,-121,20,10,Ir
[CKT2009]d0959+68,149.88791666666665,68.65694444444443,3.6,15.36,18.0,0.79,0.7,-186,52,10,Ir
KDG061,149.26125,68.59166666666665,3.6,10.86,15.24,1.41,0.58,221,64,-1,Sph
ClumpI,149.3383333333333,68.71527777777777,3.6,17.17,19.8,0.18,0.72,-165,50,10,Ir
HolmIX,149.385,69.04305555555554,3.61,11.86,14.53,2.63,0.8,50,41,10,Ir
MESSIER081,148.88958333333332,69.06666666666666,3.63,3.83,7.79,28.18,0.52,-38,62,3," "
A0952+69,149.3708333333333,69.27222222222221,3.87,14.11,16.8,1.82,0.53,99,69,10,Ir
MESSIER082,148.9745833333333,69.68249999999999,3.53,4.67,9.06,11.48,0.38,183,69,8," "
UGC05423,151.37749999999997,70.36444444444443,8.71,11.99,14.42,1.07,0.67,348,55,10,Ir
[CKT2009]d1009+70,152.39541666666665,70.5486111111111,9.0,13.36,18.0,0.72,0.85,,35,-1,Sph
[CKT2009]d0944+69,146.09374999999997,69.21111111111111,3.98,16.52,21.0,0.2,0.99,,10,-3,Sph
[CKT2009]d0934+70,143.51541666666665,70.21583333333332,3.66,14.18,19.3,0.59,0.86,,37,-3,Sph
[CKT2009]d0955+70,148.80666666666664,70.40805555555555,3.93,14.81,19.5,0.35,0.87,,36,-3,Sph
DDO078,156.61624999999998,67.65666666666665,3.72,12.29,16.5,2.0,0.95,55,22,-3,Sph
KDG073,163.23791666666665,69.54583333333332,3.7,14.73,17.09,1.2,0.83,116,38,10,Ir
IC2574,157.0933333333333,68.4161111111111,4.02,7.95,10.8,13.18,0.41,43,67,8," "
HIJASS J1021+6842,155.2508333333333,68.69999999999999,3.7,,,,,46,,11,Ir
[CKT2009]d1028+70,157.16541666666666,70.2336111111111,4.0,13.69,16.2,0.71,0.77,-114,45,10,Ir
[CKT2009]d1041+70,160.31999999999996,70.15083333333332,3.91,16.98,19.6,0.35,0.6,,62,10,Ir
DDO082,157.64583333333331,70.61944444444444,4.0,10.29,13.49,3.39,0.59,56,63,9,Im
HS117,155.355,71.1161111111111,3.96,14.5,17.3,1.51,0.6,-37,62,10,Tr
NGC2403,114.21416666666666,65.59944444444443,3.18,6.19,8.8,28.18,0.56,125,57,6," "
DDO053,128.5270833333333,66.17916666666666,3.56,12.77,14.55,2.0,0.87,19,33,10,Ir
DDO044,113.54708333333332,66.8861111111111,3.19,11.37,15.64,2.82,0.67,213,62,-3,Sph
HolmII,124.76666666666665,70.71416666666666,3.39,8.0,11.1,8.91,0.86,157,34,9,Im
NGC2366,112.22749999999998,69.20527777777777,3.19,9.14,11.68,7.24,0.36,96,90,10,Ir
NGC2787,139.8275,69.20333333333332,7.48,7.26,11.82,3.31,0.63,700,55,1," "
UGC04483,129.2625,69.77527777777777,3.21,13.33,14.95,1.32,0.58,156,64,10,Ir
[CKT2009]d0926+70,141.61624999999998,70.50666666666666,3.93,15.74,19.0,0.4,0.75,,47,10,Tr
HolmI,145.13458333333332,71.18638888888889,3.84,11.2,13.64,4.57,0.81,139,40,10,Ir
[CKT2009]d0939+71,144.81624999999997,71.31166666666665,3.63,17.09,19.6,0.35,0.85,,35,10,Tr
[CKT2009]d0944+71,146.14333333333332,71.48249999999999,3.39,12.47,16.7,0.89,0.62,,60,-1,Tr
KDG052,125.98333333333332,71.02944444444444,3.55,13.63,16.35,1.26,0.92,116,26,10,Ir
UGC06456,172.00249999999997,78.99138888888888,4.35,12.48,14.27,1.48,0.53,-94,69,10,Ir
KKH37,101.94083333333332,80.12388888888887,3.39,13.75,16.4,1.15,0.67,11,55,10,Ir
BootesI,209.99999999999997,14.499999999999998,0.07,9.49,13.66,20.0,0.61,99,64,-2,Sph
DDO187,213.98541666666662,23.055277777777775,2.2,12.46,14.38,1.7,0.76,160,46,10,Ir
KKR25,243.4483333333333,54.371111111111105,1.86,12.86,17.0,1.1,0.59,-79,63,-1,Sph
Draco,260.00583333333327,57.90944444444444,0.08,6.69,10.9,35.48,0.69,-296,59,-3,Sph
UGC08638,204.83083333333332,24.77583333333333,4.27,11.53,14.47,1.66,0.67,276,55,10,Ir
AGC238890,203.12624999999997,25.123611111111106,6.8,14.2,16.6,0.83,0.63,360,59,9,BCD
AGC732602,200.26999999999998,24.14333333333333,7.2,14.71,17.1,0.62,0.43,925,83,10,Ir
BootesIII,209.2808333333333,26.774999999999995,0.05,8.41,12.6,56.0,0.65,198,64,-3,Sph
CVnI,202.0145833333333,33.555833333333325,0.22,9.79,13.94,14.3,0.61,31,70,-3,Sph
CGCG 189-050,199.27041666666665,37.95249999999999,5.04,13.2,15.6,0.85,0.77,324,45,9,BCD
KK230,211.7945833333333,35.06027777777777,2.14,14.55,17.5,0.76,0.83,63,38,10,Ir
UGC08833,208.70291666666662,35.83749999999999,3.08,12.31,15.3,1.17,0.89,221,30,10,Ir
MRK0475,219.77249999999998,36.80611111111111,9.2,14.01,16.41,0.45,0.75,583,47,9,BCD
DDO190,216.18124999999998,44.525833333333324,2.74,10.72,13.1,2.4,0.89,150,30,9,Im
DDO183,207.71291666666664,38.021111111111104,3.22,12.04,14.45,2.4,0.32,188,90,10,Ir
KK227,209.0420833333333,40.30333333333333,10.0,13.36,17.5,0.71,0.81,,42,-2,Ir
DDO182,205.6358333333333,39.658333333333324,8.9,13.3,15.69,1.32,0.74,663,48,10,Ir
DDO181,204.97416666666663,40.73916666666666,3.01,11.85,14.22,2.4,0.57,214,65,10,Ir
MCG +08-25-028,204.18666666666664,44.59916666666666,7.74,13.49,15.9,0.95,0.52,480,70,10,Ir
NGC4656,190.98999999999998,32.17027777777777,5.4,8.0,10.96,12.88,0.15,638,87,8," "
KK165,192.2195833333333,31.970277777777774,5.4,13.34,17.5,0.72,0.93,,24,-1,Tr
FGC1497,191.75249999999997,32.65138888888888,23.4,14.13,16.8,1.07,0.17,519,84,8," "
BTS151,190.85249999999996,32.48222222222222,7.3,13.24,17.4,0.78,0.61,,64,-2,Sph
NGC4631,190.5333333333333,32.54138888888888,7.38,6.47,9.75,16.6,0.17,583,86,7," "
NGC4627,190.49874999999997,32.573611111111106,7.3,8.85,13.01,1.82,0.69,542,59,-3," "
LV J1243+3232,190.9358333333333,32.53444444444444,7.3,14.84,19.0,0.35,0.65,,57,-1,Sph
LV J1241+3251,190.4470833333333,32.85777777777777,7.3,13.98,16.4,0.79,0.57,693,65,10,Ir
UGCA292,189.66666666666663,32.76666666666666,3.61,14.24,16.07,1.02,0.7,308,52,10,Ir
DDO143,191.1045833333333,34.38638888888888,9.1,13.58,16.0,2.24,0.36,607,90,10,Ir
CVnII,194.29166666666663,34.320833333333326,0.16,12.81,16.95,2.5,0.61,-129,70,-3,Sph
NGC4861,194.7583333333333,34.860277777777775,7.3,10.46,12.9,3.63,0.38,842,90,9,Im
KK166,192.30541666666664,35.6125,4.74,13.47,17.62,0.6,0.59,,73,-3,Tr
KK152,188.35374999999996,33.351388888888884,6.9,13.88,16.3,1.07,0.43,838,83,10,Ir
MAPS1236+33,189.20583333333332,33.61333333333333,11.7,14.49,16.9,0.56,0.43,526,83,10,Ir
NGC4534,188.52291666666665,35.51833333333333,9.8,11.21,13.2,3.02,0.66,802,49,8," "
UGC07605,187.16249999999997,35.71805555555555,4.43,12.4,14.76,1.48,0.73,310,49,10,Ir
DDO127,187.11874999999998,37.23333333333333,6.89,12.57,14.98,1.62,0.5,275,72,10,Ir
UGC07699,188.19999999999996,37.62166666666666,14.5,11.15,13.3,3.98,0.27,495,77,7," "
BTS142,188.2808333333333,38.1161111111111,10.0,16.04,18.44,0.33,0.98,719,13,10,Ir
DDO147,191.74916666666664,36.476388888888884,5.4,12.7,15.12,1.45,0.79,331,42,10,Ir
BTS146,190.00874999999996,38.00055555555555,8.5,15.08,17.5,0.34,0.55,446,67,10,Ir
IC3687,190.56291666666664,38.50194444444444,4.57,11.12,13.79,5.13,0.88,350,32,10,Ir
Arp211,189.33874999999998,38.74527777777777,6.61,13.32,15.74,0.85,0.57,458,65,10,Ir
LV J1243+4127,190.9820833333333,41.45694444444444,6.09,14.78,17.2,1.38,0.43,402,83,10,Ir
IC4182,196.45541666666665,37.60583333333333,4.7,9.72,12.02,6.61,0.92,321,23,8," "
CGCG 217-018,198.2158333333333,40.54305555555555,8.33,12.59,14.93,1.0,0.67,555,55,9,BCD
KK193,198.87999999999997,41.50138888888888,8.9,16.29,18.7,0.56,0.91,,27,10,Tr
KK191,198.41541666666663,42.04416666666666,6.0,15.8,18.2,0.42,0.96,,18,10,Tr
NGC5055,198.95541666666665,42.02916666666666,8.99,5.61,9.32,16.22,0.57,500,58,4," "
KKH82,198.2445833333333,41.78666666666666,8.06,14.0,16.4,1.15,0.79,529,42,10,Tr
NGC5023,198.04958333333332,44.0386111111111,6.61,9.74,12.85,7.24,0.11,407,90,7," "
NGC4736,192.72291666666663,41.11944444444444,4.66,5.11,8.7,15.14,0.81,308,38,2," "
MAPS1249+44,192.37916666666663,44.35916666666666,7.84,14.69,17.1,0.47,0.53,513,69,9,Im
BTS157,192.80541666666664,47.070833333333326,8.83,15.01,17.5,0.52,0.82,572,39,10,Ir
DDO126,186.77124999999998,37.1425,4.88,11.53,14.12,2.88,0.63,217,59,10,Ir
KDG105,185.42916666666665,37.987222222222215,7.6,14.28,16.7,0.83,0.59,567,63,10,Ir
NGC4244,184.3745833333333,37.8075,4.49,7.72,10.88,19.5,0.11,247,90,6," "
KUG 1218+387,185.22874999999996,38.430277777777775,8.03,12.98,15.4,1.17,0.71,570,51,9,BCD
UGC7719,188.50249999999997,39.01944444444444,9.2,12.59,15.25,2.14,0.29,679,75,8," "
UGC07774,189.09374999999997,40.00527777777777,22.6,11.11,14.6,3.16,0.16,528,89,7," "
UGC7678,188.00166666666664,39.83194444444444,6.9,12.48,14.5,1.78,0.52,679,70,9,Im
UGC7751,188.79916666666665,41.06083333333333,7.9,14.05,16.5,1.21,0.34,605,90,9,Im
NGC4618,190.38666666666663,41.150833333333324,7.9,8.66,11.31,4.17,0.76,536,41,6," "
NGC4625,190.4695833333333,41.273888888888884,7.9,9.75,13.03,1.66,0.78,606,39,7," "
NGC4490,187.65166666666664,41.643611111111106,5.8,7.35,9.76,6.31,0.49,586,62,7," "
MAPS1231+42,187.78749999999997,42.09416666666666,5.8,15.38,17.8,0.33,0.68,563,54,10,Ir
NGC4485,187.62999999999997,41.699999999999996,5.8,10.58,12.32,2.34,0.7,480,46,8," "
KK149,187.21791666666664,42.17777777777777,8.9,12.56,15.01,0.93,0.63,407,59,10,Ir
UGC07690,188.11208333333332,42.70416666666666,11.2,11.4,13.13,2.09,0.79,536,38,8," "
KK151,187.59916666666663,42.90138888888888,6.56,13.38,15.8,1.12,0.42,436,87,9,Im
DDO129,187.18416666666664,43.22416666666666,8.9,11.01,13.67,2.82,0.89,538,27,8," "
DDO125,186.92416666666665,43.49388888888888,2.74,10.23,12.95,3.89,0.56,206,66,9,Im
LV J1228+4358,187.1870833333333,43.971666666666664,4.07,11.77,14.2,3.98,0.27,,90,10,Tr
NGC4449,187.04666666666665,44.09444444444444,4.21,7.25,9.99,6.76,0.71,201,45,8," "
KK133,184.88666666666663,43.38638888888888,8.23,15.3,17.7,0.47,0.68,561,54,10,Ir
UGC07271,183.88916666666665,43.43416666666666,18.6,13.16,14.9,2.4,0.34,546,72,7," "
UGC07320,184.36874999999998,44.811388888888885,9.2,13.0,15.4,1.2,0.44,541,81,10,Ir
NGC4242,184.3758333333333,45.61944444444444,7.9,9.12,11.59,5.5,0.76,517,41,7," "
NGC4144,182.4970833333333,46.457222222222214,7.24,9.39,12.05,6.17,0.21,265,82,7," "
LV J1203+4739,180.74999999999997,47.65416666666666,7.49,14.78,17.2,0.94,0.46,492,78,10,Ir
KK160,190.98916666666665,43.66138888888888,4.31,14.98,17.43,0.59,0.75,293,47,10,Ir
UGC07827,189.9120833333333,44.820833333333326,8.5,13.54,15.96,1.25,0.58,553,64,10,Ir
NGC4460,187.1908333333333,44.86444444444444,9.59,9.06,12.26,4.27,0.3,499,90,1," "
UGC07639,187.4708333333333,47.529999999999994,7.14,11.73,14.13,2.14,0.54,385,68,9,Im
UGCA281,186.56666666666663,48.491944444444435,5.68,12.51,15.14,1.05,0.75,279,47,10,Ir
DDO120,185.31249999999997,45.811388888888885,7.06,10.77,13.55,2.4,0.62,463,60,9,Im
CVnHI,185.1808333333333,46.20916666666666,6.5,,,,,420,,11,Ir
NGC4288,185.15874999999997,46.29166666666666,8.05,11.3,13.3,2.34,0.71,533,45,7," "
d1220+4649,185.22916666666663,46.82916666666666,7.8,15.23,19.4,0.25,0.83,,41,-3,Sph
KK136,185.16916666666665,47.000833333333325,7.8,13.33,17.5,0.47,0.87,,36,-3,Sph
KDG101,184.78791666666663,47.089722222222214,7.24,13.33,15.75,1.29,0.59,132,63,10,Ir
d1219+4705,184.9033333333333,47.092499999999994,7.8,14.4,18.6,0.29,0.95,,22,-3,Sph
NGC4258,184.73958333333331,47.303888888888885,7.83,5.46,9.1,18.62,0.39,447,71,4," "
LV J1218+4655,184.54625,46.91694444444444,6.54,14.16,16.83,0.91,0.28,420,76,8," "
LV J1217+4703,184.2920833333333,47.06361111111111,7.8,16.09,18.5,0.3,0.76,,46,10,Tr
NGC4248,184.45791666666665,47.40916666666666,7.4,10.59,13.14,3.31,0.43,484,66,8," "
KK134,184.89083333333332,47.45166666666666,7.8,12.84,17.0,0.37,0.94,,24,-3,Sph
[KKH2011]S11,185.12541666666664,47.49027777777777,7.8,16.33,20.5,0.28,0.9,,31,-3,Sph
KK132,184.7770833333333,47.73083333333333,7.8,14.34,18.5,0.36,0.84,,37,-1,Sph
BTS132,185.94249999999997,47.65888888888888,7.8,14.23,18.4,0.39,0.68,,60,-3,Sph
UGC07267,183.8483333333333,51.349999999999994,12.9,11.94,14.79,2.09,0.32,473,73,8," "
UGC07298,184.11916666666664,52.22722222222222,4.21,13.29,15.95,0.85,0.55,174,67,10,Ir
MCG +09-20-131,183.9445833333333,52.387499999999996,4.59,12.86,15.3,1.05,0.3,159,90,10,Ir
NGC4068,181.00999999999996,52.588611111111106,4.31,10.76,13.19,2.95,0.53,210,69,9,Im
KK194,199.33124999999998,44.39666666666666,10.0,15.19,17.6,0.63,0.58,,64,10,Ir
DDO168,198.61916666666664,45.91944444444444,4.33,11.11,12.97,3.89,0.39,191,90,10,Ir
NGC5194,202.4695833333333,47.234444444444435,8.4,5.5,8.61,15.85,0.62,446,53,5," "
NGC5195,202.4945833333333,47.26805555555555,7.66,6.25,10.45,6.92,0.92,455,25,0," "
NGC5229,203.5120833333333,47.915277777777774,8.0,11.67,14.33,3.39,0.13,359,90,7," "
LV J1328+4937,202.12999999999997,49.627222222222215,8.02,14.91,17.3,0.45,0.55,395,67,10,Ir
DDO167,198.34499999999997,46.31972222222222,4.19,13.45,15.45,1.1,0.55,150,67,10,Ir
UGC08215,197.015,46.82805555555555,4.55,13.64,16.03,0.85,0.7,224,52,10,Ir
DDO169,198.87791666666664,47.49638888888888,4.41,12.17,14.46,2.95,0.33,262,90,10,Ir
DDO169NW,198.83374999999998,47.543611111111105,4.2,15.61,18.0,0.78,0.71,242,51,10,Ir
LV J1342+4840,205.58374999999998,48.68249999999999,7.44,13.91,16.3,0.78,0.69,438,53,9,Im
UGCA361,203.1508333333333,49.83027777777777,8.0,12.57,16.7,0.98,0.59,,63,-1,Tr
NGC5238,203.67791666666665,51.61388888888888,4.51,11.5,13.55,2.09,0.82,229,39,10,Ir
HolmIV,208.68791666666664,53.90472222222221,7.21,11.04,13.76,4.07,0.3,140,74,8," "
UGC08882,209.3108333333333,54.10083333333333,8.32,13.72,15.77,1.07,0.73,348,49,-1,dE
GBT 1355+5439,208.7108333333333,54.64722222222221,7.41,,,,,210,,11,HIcld
UGC08508,202.68499999999997,54.90999999999999,2.69,11.57,14.12,2.14,0.59,56,63,10,Ir
NGC5204,202.40166666666664,58.41777777777777,4.66,9.51,11.73,5.13,0.6,201,54,8," "
NGC4707,192.09541666666664,51.16472222222222,5.8,11.73,13.43,2.09,0.8,468,41,10,Ir
UGC07950,191.73499999999999,51.61305555555555,8.9,12.12,14.6,1.38,0.74,508,48,9,Im
KDG192,190.93749999999997,53.95888888888888,7.45,14.2,16.6,1.07,0.63,443,59,10,Ir
SBS 1224+533,186.71916666666664,53.10527777777777,5.35,13.68,16.1,0.8,0.69,300,53,9,BCD
NGC4605,190.00124999999997,61.608055555555545,5.47,7.76,10.89,6.17,0.37,151,70,8," "
DDO123,186.53374999999997,58.32249999999999,10.5,11.85,14.5,2.78,0.79,722,38,8," "
UGC09660,225.28874999999996,44.69805555555555,7.4,11.74,14.35,1.2,0.49,608,74,9,BCD
NGC5474,211.25874999999996,53.663055555555545,7.2,9.48,11.48,4.79,0.9,288,26,8," "
NGC5477,211.38791666666663,54.460833333333326,7.7,11.79,14.19,2.04,0.76,312,46,9,Im
MESSIER101,210.8033333333333,54.350555555555545,7.38,5.51,8.31,30.2,0.93,240,22,6," "
DDO194,218.85249999999996,57.25666666666666,8.02,11.87,14.52,2.14,0.35,218,71,8," "
NGC5585,214.95124999999996,56.73027777777777,5.7,9.5,11.2,5.89,0.64,303,51,7," "
KKH87,213.78916666666663,57.08749999999999,7.2,13.7,16.1,1.12,0.37,320,90,10,Ir
NGC6503,267.36499999999995,70.14472222222221,5.27,7.3,10.86,7.08,0.34,51,73,6," "
UMin,227.2970833333333,67.21444444444444,0.06,7.67,11.9,30.2,0.44,-255,90,-3,Sph
UGC09992,235.44916666666663,67.25416666666666,7.3,12.9,15.4,1.66,0.61,423,61,10,Ir
KDG235,255.10541666666663,70.28999999999999,10.6,14.31,16.8,1.29,0.81,443,40,10,Ir
KDG229,208.42333333333332,60.051111111111105,8.0,14.1,16.5,0.85,0.57,,65,10,Ir
DDO165,196.61166666666665,67.70416666666665,4.57,11.14,13.31,4.07,0.54,31,68,9,Im
UGC07242,183.5308333333333,66.09222222222222,5.42,12.18,14.6,1.23,0.42,66,87,10,Ir
NGC4236,184.18041666666664,69.46555555555554,4.45,7.5,10.05,21.88,0.32,-3,73,8," "
UGC08245,197.14249999999998,78.93694444444444,1.99,12.2,14.75,2.14,0.41,-58,90,9,Im
Segue 3,320.3791666666666,19.11722222222222,0.02,11.43,15.9,1.3,0.7,,58,-3,Sph
And XXVIII,338.1716666666666,31.216111111111108,0.65,12.27,16.7,1.7,0.66,,56,-1,Tr
KKH98,356.3916666666666,38.71777777777777,2.45,13.82,16.7,1.05,0.55,-132,67,10,Ir
And XXI,358.69874999999996,42.470833333333324,0.86,11.33,15.8,5.5,0.8,-361,45,-3,Sph
UGC12588,351.1766666666666,41.34805555555555,7.9,10.89,14.11,1.86,0.82,425,35,8," "
DDO217,352.4945833333333,40.99027777777777,9.7,9.6,12.84,5.25,0.82,424,35,8," "
NGC7640,350.5275,40.84555555555555,7.9,8.6,11.61,10.47,0.19,369,90,5," "
Cas dSph,351.63249999999994,50.67555555555555,0.79,8.79,13.65,3.02,0.87,-307,36,-3,Sph
KKR60,316.4708333333333,57.205277777777766,5.9,11.47,18.0,0.71,0.7,-14,52,10,Ir
KKR59,315.8508333333333,57.28722222222221,5.89,9.57,15.7,2.29,0.61,-3,53,8," "
Cepheus1,312.7904166666666,56.88999999999999,6.0,9.05,15.4,3.02,0.5,33,61,8," "
KKR56,312.1004166666666,58.618333333333325,5.89,12.38,17.6,0.71,0.64,-43,58,10,Ir
KKR55,311.33666666666664,60.411111111111104,5.89,11.96,17.0,0.6,0.67,32,55,10,Ir
NGC6946,308.7129166666666,60.15416666666666,5.89,5.37,9.61,14.79,0.85,51,32,6," "
KK251,307.63333333333327,60.3536111111111,5.89,12.98,16.5,1.58,0.5,130,72,10,Ir
UGC11583,307.56374999999997,60.44027777777777,5.89,12.3,15.9,2.19,0.24,126,90,10,Ir
KK252,307.88583333333327,60.813333333333325,5.89,12.57,16.7,0.89,0.99,138,9,10,Ir
NGC6789,289.1741666666666,63.97277777777777,3.63,11.2,13.76,1.41,0.77,-140,45,9,BCD
UGC11411,287.17625,70.28388888888888,4.73,12.8,15.6,0.79,0.7,69,52,9,BCD
ESO349-031,2.0554166666666664,-34.578333333333326,3.21,13.02,15.71,1.23,0.82,221,39,10,Ir
ESO348-009,357.34749999999997,-37.77361111111111,11.5,12.41,14.81,2.29,0.36,647,90,10,Ir
NGC7793,359.45583333333326,-32.589999999999996,3.91,6.85,9.72,14.13,0.68,227,48,6," "
ESO410-005,3.880833333333333,-32.17999999999999,1.92,12.5,14.9,1.62,0.77,36,45,10,Tr
UGCA442,355.9416666666666,-31.95916666666666,4.27,11.42,13.6,6.31,0.14,267,90,8," "
UGCA438,351.61458333333326,-32.39055555555555,2.18,11.04,13.89,2.14,0.8,62,41,10,Ir
ESO409-015,1.3824999999999998,-28.09805555555555,7.7,12.74,15.15,1.2,0.46,726,78,9,Im
NGC0024,2.485,-24.96333333333333,9.9,8.96,12.38,7.24,0.22,550,85,5," "
NGC0045,3.5162499999999994,-23.18222222222222,9.2,9.09,11.55,8.51,0.69,465,47,8," "
NGC0253,11.892916666666665,-25.292222222222218,3.94,3.77,7.92,37.15,0.22,243,85,5," "
Sc22,5.965416666666666,-24.705,4.21,13.57,17.73,0.93,0.78,,48,-3,Sph
ESO473-024,7.843749999999999,-22.76583333333333,9.9,13.96,16.38,1.55,0.59,530,63,10,Ir
DDO006,12.455416666666665,-21.01611111111111,3.34,13.26,15.3,2.29,0.41,292,90,10,Ir
DDO226,10.765833333333331,-22.250277777777775,4.92,12.48,14.9,2.24,0.36,359,90,10,Ir
NGC0247,11.784583333333332,-20.759999999999998,3.65,7.43,9.86,25.12,0.32,161,74,7," "
ESO540-032,12.602499999999997,-19.90694444444444,3.42,14.01,16.44,1.51,0.92,228,26,10,Ir
NGC0059,3.854583333333333,-21.443888888888885,5.3,10.1,12.97,2.29,0.48,361,90,-3,dEem
KDG002,12.337916666666665,-18.074444444444442,3.4,13.93,16.37,1.23,0.92,224,26,10,Tr
WLM,0.49208333333333326,-15.461111111111109,0.97,9.0,11.03,11.48,0.35,-122,90,9,Im
Cetus,6.5458333333333325,-11.044444444444443,0.78,10.19,14.4,4.79,0.67,-87,55,-1,Tr
IC1613,16.199166666666663,2.133333333333333,0.73,7.43,9.88,19.05,0.9,-232,29,10,Ir
KDG010,25.922499999999996,15.68972222222222,7.87,13.64,16.28,1.45,0.67,789,55,10,Ir
DDO013,25.039999999999996,15.90472222222222,9.04,11.76,14.37,4.57,0.78,631,44,10,Ir
UGC01171,24.92333333333333,15.903055555555554,7.38,13.13,15.71,1.29,0.92,738,26,10,Ir
NGC0628,24.17208333333333,15.786666666666665,7.31,6.85,9.79,11.22,0.94,657,20,5," "
UGC01056,22.196666666666662,16.688055555555554,7.3,12.0,14.81,1.0,0.68,595,54,9,Im
UGC01104,23.176249999999996,18.31583333333333,7.55,11.81,14.48,1.78,0.6,688,62,9,BCD
PiscesII,344.6291666666666,5.952499999999999,0.18,12.84,17.2,1.8,0.69,,59,-3,Sph
AGC748778,1.643333333333333,15.51083333333333,5.4,16.29,18.9,0.32,0.52,258,70,10,Ir
UGC00685,16.842916666666664,16.683888888888887,4.51,11.64,14.22,2.4,0.71,156,51,9,BCD
LGS 3,15.979166666666664,21.884999999999998,0.65,12.49,15.0,2.4,0.58,-286,64,10,Tr
Pegasus,352.1420833333333,14.746666666666664,0.76,9.87,13.21,5.5,0.54,-184,68,10,Ir
Peg dSph,357.94333333333327,24.58611111111111,0.82,9.81,14.17,3.98,0.59,-345,73,-3,Sph
UGC12713,354.56041666666664,30.70916666666666,12.2,11.5,14.81,1.78,0.47,295,63,7," "
And XXIX,359.7316666666666,30.755555555555553,0.73,12.72,17.0,2.7,0.65,,60,-2,Sph
And XIX,4.883749999999999,35.043611111111105,0.93,12.45,16.8,6.2,0.83,-111,41,-3,Sph
And XX,1.8779166666666665,35.13222222222222,0.8,14.67,19.0,0.8,0.7,-456,58,-3,Sph
UGC12894,0.09374999999999999,39.49555555555555,8.47,14.02,16.8,1.02,0.87,335,33,10,Ir
NGC2188,92.53958333333333,-34.106111111111105,7.4,9.5,12.14,4.68,0.25,745,78,8," "
HIPASS J0607-34,91.83208333333332,-34.20444444444444,7.4,11.5,14.09,1.02,0.67,765,55,9,BCD
ESO364-029,91.43916666666665,-33.08166666666666,7.59,10.27,13.67,3.55,0.71,787,51,9,Im
ESO489-056,96.57083333333333,-26.26555555555555,4.99,13.09,15.7,0.72,0.5,492,72,10,Ir
ESO490-017,99.48583333333332,-25.999722222222218,4.23,12.0,14.01,1.7,0.76,505,46,10,Ir
ESO558-011,106.73666666666665,-22.040555555555553,8.4,10.2,14.43,1.82,0.56,731,57,8," "
HIPASS J0705-20,106.43749999999999,-20.991666666666664,7.23,,,,,766,,0," "
NGC2283,101.46958333333332,-18.210277777777776,10.0,8.83,12.93,3.63,0.76,841,41,6," "
KKSG9,101.73708333333332,-17.941388888888888,10.0,11.66,16.4,0.5,0.7,693,52,9,BCD
IC2171,101.11374999999998,-17.932499999999997,9.9,10.81,15.17,1.91,0.21,789,81,8," "
CGMW1-260,99.50041666666665,-15.022777777777776,10.8,10.0,13.7,3.16,0.44,746,65,8," "
NGC1744,74.99249999999999,-26.026666666666664,10.0,9.78,11.71,6.92,0.54,741,58,7," "
ESO486-021,75.83208333333333,-25.423055555555553,10.0,11.43,14.37,1.51,0.76,831,46,9,BCD
ESO553-046,81.77374999999999,-20.678055555555552,5.07,12.0,14.6,1.12,0.71,541,51,9,BCD
UGCA127sat,95.22833333333332,-8.650277777777777,8.5,11.32,16.9,0.69,0.32,,90,10,Ir
UGCA127,95.23208333333332,-8.495555555555555,8.5,8.31,14.1,5.25,0.28,732,77,6," "
WHI B0619-07,95.55749999999999,-7.837777777777776,8.4,9.51,14.63,1.74,0.53,759,59,8," "
HIZSS003,105.12208333333332,-4.208333333333333,1.67,11.39,18.0,0.5,0.6,298,62,10,Ir
AGC174605,117.59041666666666,7.794444444444443,6.0,15.56,18.0,0.34,0.94,351,22,10,Ir
AGC174585,114.04291666666666,9.986388888888888,6.1,15.39,17.9,0.4,0.62,356,60,10,Ir
UGC03755,108.46583333333332,10.521944444444443,7.41,11.66,14.07,1.86,0.59,311,63,10,Ir
KK65,115.62999999999998,16.56111111111111,8.02,12.53,15.34,1.12,0.56,281,66,10,Ir
DDO047,115.47916666666666,16.800555555555555,8.05,11.0,13.62,4.68,0.85,270,32,8," "
NGC1637,70.36749999999999,-2.858055555555555,9.29,7.98,11.47,4.37,0.79,713,39,6," "
UGC03303,81.24791666666665,4.504999999999999,7.14,10.73,13.95,5.62,0.78,519,39,8," "
Orion,86.25833333333333,5.0683333333333325,6.46,10.9,15.4,3.09,0.48,368,62,8," "
A0554+07,89.40291666666666,7.491944444444443,5.5,13.72,18.4,0.72,0.4,428,90,10,Ir
HIPASS J0630+08,97.53749999999998,8.376944444444444,3.55,,,,,367,,10,Ir
KK49,85.42291666666665,6.681666666666666,5.15,10.39,16.1,1.15,0.71,455,51,9,BCD
UGC03476,97.62166666666666,33.30194444444444,7.01,12.7,15.98,1.48,0.3,469,90,10,Ir
ESO379-024,181.23624999999998,-35.74305555555555,4.88,13.93,16.58,0.74,0.75,632,47,10,Ir
ESO379-007,178.67916666666665,-33.55805555555555,5.22,13.6,16.6,0.93,0.73,644,49,10,Ir
HIPASS J1133-32,173.29583333333332,-32.96194444444444,6.7,13.68,16.27,0.52,0.5,709,72,10,Ir
HIPASS J1131-31,172.89666666666665,-31.672222222222217,6.7,14.38,17.0,1.0,0.6,715,62,10,Ir
NGC5068,199.73041666666663,-21.039166666666663,5.45,7.55,10.52,10.0,0.88,668,29,6," "
KK176,194.98458333333332,-19.41305555555555,6.9,14.0,16.5,1.48,0.58,825,64,10,Ir
DDO161,195.81999999999996,-17.423055555555553,7.3,10.38,13.5,7.94,0.13,744,90,8," "
UGCA319,195.55999999999997,-17.237499999999997,7.3,12.07,15.08,1.26,0.69,755,53,10,Ir
MCG -03-34-002,196.98583333333332,-16.689166666666665,7.9,12.55,14.79,1.23,0.63,959,59,9,BCD
DDO153,193.48958333333331,-12.10861111111111,8.0,12.03,14.59,2.54,0.31,821,90,9,Im
NGC4700,192.28166666666664,-11.411388888888887,7.3,10.49,12.63,4.07,0.21,1411,82,7," "
KKSG33,190.0370833333333,-12.36472222222222,9.3,14.22,18.5,0.5,0.99,,10,-3,Sph
KKSG34,190.32874999999999,-11.927499999999998,9.3,13.69,18.0,0.69,0.88,,34,-3,Sph
KKSG32,189.97916666666663,-11.746666666666664,9.3,14.21,18.5,0.6,0.83,,41,-3,Sph
SUCD1,190.01291666666663,-11.667777777777776,9.3,14.7,18.4,0.1,0.96,1305,18,-1,dE
NGC4594,189.99624999999997,-11.623055555555554,9.3,4.96,8.98,11.75,0.51,1090,66,1," "
ESO572-034,179.7420833333333,-19.029999999999998,8.5,11.5,14.27,1.32,0.51,1114,71,9,BCD
LV J1235-1104,188.91416666666663,-11.06722222222222,10.0,13.18,15.7,0.43,0.9,1110,29,10,Ir
KKSG29,189.30874999999997,-10.497499999999999,7.7,14.08,16.54,1.41,0.43,756,83,10,Ir
KKSG31,189.64041666666665,-10.490277777777777,9.3,13.48,17.7,0.79,0.88,,34,-3,Sph
KKSG30,189.3995833333333,-8.867222222222221,9.1,13.82,16.3,0.87,0.5,1105,72,10,Ir
MCG-02-33-075,194.61791666666664,-10.576944444444443,8.7,11.8,14.7,2.96,0.46,1267,64,8," "
KDG218,196.4333333333333,-7.755555555555555,5.0,12.52,16.8,1.82,0.71,,51,-1,Tr
KKH86,208.63999999999996,4.243055555555555,2.59,14.09,16.88,0.85,0.71,287,51,10,Ir
KKR08,214.81166666666664,3.1238888888888887,8.0,13.76,18.0,0.56,0.82,,41,-2,Sph
KKSG38,193.38166666666663,-5.927777777777777,10.4,14.51,17.0,0.87,0.46,1071,78,10,Ir
HIPASS J1258-04,194.70666666666665,-4.888611111111111,6.5,12.81,15.26,0.85,0.42,1318,87,10,Ir
DDO148,192.1795833333333,-5.253888888888889,9.0,10.99,13.7,2.34,0.74,1337,43,8," "
NGC4597,190.05374999999998,-5.7991666666666655,10.1,11.68,12.58,5.56,0.46,1039,64,8," "
KDG155,188.2833333333333,-0.5330555555555555,8.11,13.96,16.4,1.2,0.74,750,48,10,Ir
NGC4517,188.1895833333333,0.11499999999999998,9.7,7.33,11.09,12.02,0.13,1134,90,7," "
CGCG 014-054,187.76583333333332,1.675833333333333,9.6,13.18,15.6,1.27,0.58,1105,64,9,Im
UGC07512,186.42208333333332,2.1588888888888884,10.6,12.78,15.2,1.45,0.52,1506,70,10,Ir
NGC4600,190.0958333333333,3.117777777777777,7.35,9.81,13.7,1.62,0.67,852,53,0,dS0em
UGC07983,192.4458333333333,3.8422222222222215,9.4,13.69,16.2,0.81,0.68,694,54,10,Ir
NGC4765,193.30999999999997,4.463055555555555,9.7,10.82,13.37,1.86,0.73,722,49,9,BCD
VCC1713,189.37124999999997,4.751388888888888,7.2,13.42,15.86,0.58,0.59,1638,63,9,Im
VCC1822,190.0433333333333,6.846944444444444,8.1,13.97,16.4,0.83,0.53,1008,69,10,Ir
IC3591,189.26249999999996,6.926666666666666,9.8,11.6,14.39,1.29,0.6,1632,62,9,BCD
VCC2033,191.51874999999998,8.476388888888888,9.8,12.45,15.3,0.55,0.91,1485,27,9,BCD
BootesII,209.49999999999997,12.833333333333332,0.04,12.15,16.32,6.7,0.73,-117,51,-2,Sph
UGC08061,194.1808333333333,11.93111111111111,6.49,13.5,15.97,0.83,0.8,563,41,10,Ir
KKSG19,156.11791666666664,-12.432499999999997,5.11,14.17,16.79,0.69,0.86,628,34,10,Ir
KKSG16,149.94791666666666,-9.343333333333332,9.7,13.62,18.0,0.87,0.78,,48,-3,Sph
LV J0956-0929,149.15666666666664,-9.486388888888888,5.18,13.28,15.89,0.93,0.73,627,49,9,BCD
KKSG18,151.42333333333332,-7.981388888888888,9.7,10.05,13.61,1.51,0.8,698,41,9,BCD
KDG065,151.39333333333332,-7.749166666666666,9.7,12.23,16.36,1.07,0.69,721,59,-3,Sph
NGC3115,151.3083333333333,-7.71861111111111,9.68,5.88,9.87,8.51,0.35,681,90,-1," "
KKSG17,150.40999999999997,-8.248888888888887,9.7,12.82,15.41,1.66,0.21,446,90,10,Ir
MCG -01-26-009,150.39,-6.5249999999999995,9.7,13.61,16.1,1.12,0.78,748,44,10,Ir
UGCA193,150.6508333333333,-6.011944444444444,9.7,12.0,14.67,4.27,0.07,663,90,7," "
SexA,152.7533333333333,-4.692777777777777,1.32,10.18,11.86,5.89,0.83,324,38,10,Ir
LeoIV,173.23749999999998,-0.5333333333333332,0.16,12.7,16.9,7.3,0.78,132,48,-3,Sph
LeoV,172.78999999999996,2.2199999999999998,0.18,13.39,17.6,4.1,0.45,173,90,-3,Sph
UGC06145,166.39583333333331,-1.8636111111111109,10.7,13.88,16.45,1.38,0.56,753,66,10,Ir
KKSG22,166.5320833333333,-1.4486111111111108,10.7,15.67,18.2,0.5,0.8,,41,10,Ir
NGC3521,166.4525,-0.03583333333333333,10.7,5.78,9.83,10.96,0.46,797,66,4," "
KKSG20,166.16916666666665,0.05833333333333333,10.7,15.01,17.51,0.52,0.8,835,41,10,Ir
NGC3521sat,166.41958333333332,0.12083333333333332,10.7,11.9,16.2,2.51,0.77,,45,-1,Sph
UGC05797,159.855,1.7186111111111109,7.0,11.81,14.28,1.23,0.87,710,33,9,BCD
KKSG15,148.79375,-6.269999999999999,9.7,12.63,15.14,1.29,0.23,791,90,10,Ir
SexDSph,153.2625,-1.6144444444444441,0.09,7.01,11.3,30.2,0.65,227,64,-3,Sph
LV J1021+0054,155.4120833333333,0.8999999999999999,6.78,14.94,17.5,0.42,0.73,701,49,10,Ir
KDG058,145.11249999999998,0.042499999999999996,10.0,14.62,17.2,0.66,0.78,,44,10,Ir
SexB,150.00041666666664,5.332222222222222,1.36,9.5,11.85,6.03,0.69,300,53,10,Ir
CGCG 035-007,143.6870833333333,6.425555555555555,13.0,12.68,15.22,1.07,0.63,552,59,9,BCD
AGC191803,147.0245833333333,7.1291666666666655,14.9,14.05,16.5,0.72,0.47,535,63,9,Im
UGC05288,147.82166666666666,7.827222222222221,6.85,11.49,14.62,1.45,0.62,557,60,9,BCD
AGC208397,159.7420833333333,3.874166666666666,26.2,17.19,19.7,0.17,0.6,763,62,10,Ir
AGC208399,160.04458333333332,4.908888888888888,20.9,17.54,20.0,0.16,0.88,747,32,10,Ir
LV J1030+0607,157.6845833333333,6.127222222222222,7.8,14.35,16.8,0.71,0.6,640,62,10,Ir
UGC05923,162.28166666666664,6.917222222222222,22.3,11.46,14.4,1.26,0.47,709,63,7," "
UGC06014,163.42791666666665,9.728055555555555,10.4,12.49,15.0,1.2,0.57,1133,65,9,Im
CGCG 066-109,166.11041666666665,11.754999999999999,10.4,13.8,16.2,1.05,0.29,777,90,10,Ir
LeG03,158.95333333333332,8.479722222222222,10.4,14.6,17.3,0.95,0.23,1158,79,8," "
AGC200499,159.5333333333333,10.380833333333332,10.4,11.56,14.4,0.85,0.78,1175,44,9,BCD
LeG28,163.25291666666664,10.379166666666665,10.4,15.85,18.3,0.68,0.5,,72,10,Tr
LeG22,162.4045833333333,11.351666666666665,10.4,15.53,18.0,0.56,0.66,,56,10,Tr
AGC202456,163.08124999999998,11.043333333333331,10.4,12.01,16.2,0.72,0.89,824,30,-1,dE
LSBC D640-14,164.54375,11.999166666666666,10.4,14.34,18.5,0.48,0.66,,59,-2,Sph
LSBC D640-13,164.0583333333333,12.010277777777777,10.4,14.48,16.9,0.58,0.57,989,65,10,Ir
LSBC D640-12,163.98791666666665,12.338888888888887,10.4,15.98,18.4,0.45,0.5,847,72,10,Ir
LeG16,161.62499999999997,11.755833333333332,10.4,14.8,19.0,0.29,0.98,,13,-2,Tr
NGC3368,161.6908333333333,11.81972222222222,10.42,6.32,10.11,8.91,0.68,893,49,3," "
KK96,162.61291666666665,12.360833333333332,10.4,14.1,18.3,0.6,0.8,,45,-3,Sph
LeG12,161.03249999999997,11.533055555555555,10.4,16.03,18.5,0.22,0.8,,41,10,Ir
NGC3351,160.99041666666665,11.70361111111111,10.05,6.67,10.58,7.24,0.68,777,49,3," "
LeG13,161.23999999999998,11.916111111111109,10.4,14.99,17.43,0.42,0.44,871,81,10,Ir
LeG09,160.64416666666665,12.150555555555554,10.4,14.3,18.5,0.71,0.83,,39,-2,Sph
LeG10,160.98083333333332,12.135277777777777,10.4,16.75,19.2,0.16,0.95,,20,10,Ir
LeG17,161.67291666666665,12.326388888888888,10.4,12.79,16.98,0.58,0.78,1030,44,-1,Sph
NGC3384,162.07041666666663,12.629166666666665,11.38,6.75,10.85,5.5,0.45,704,80,-1," "
NGC3379,161.95666666666665,12.581666666666665,11.12,6.27,10.24,5.37,0.89,923,33,-3," "
LeG18,161.7220833333333,12.744444444444444,10.4,16.46,18.9,0.28,0.75,636,47,10,Tr
LeG19,161.72833333333332,12.788055555555554,10.4,13.61,17.8,0.37,0.7,,52,-1,Sph
LeG21,161.7533333333333,12.95972222222222,10.4,16.13,18.6,0.25,0.75,843,47,10,Ir
LeG14,161.55999999999997,12.959999999999999,10.4,14.51,18.7,0.36,0.88,,34,-3,Sph
KK94,161.73874999999998,12.998333333333331,10.4,15.03,17.5,0.58,0.85,832,35,10,Tr
LeG26,162.83791666666664,12.849166666666665,10.4,12.71,16.9,0.69,0.89,630,31,-2,Sph
UGC05944,162.57958333333332,13.271944444444443,11.07,12.0,15.6,1.12,0.97,1073,16,-1,dE
NGC3412,162.7220833333333,13.412222222222221,10.4,7.67,11.44,3.98,0.56,846,66,-1," "
LeG23,162.53791666666663,13.48361111111111,10.4,16.62,19.1,0.18,0.95,,20,10,Ir
AGC205540,162.8808333333333,14.11472222222222,10.4,15.52,18.0,0.32,0.62,832,60,10,Tr
UGC05456,151.83208333333332,10.36222222222222,5.6,11.63,13.84,1.62,0.5,527,72,9,Im
LeoI,152.11208333333332,12.308055555555553,0.25,6.93,11.18,9.77,0.79,283,42,-1,Sph
AGC202248,158.73375,11.492222222222221,10.4,15.08,17.5,0.37,0.74,1177,48,10,Ir
NGC3299,159.09916666666663,12.707499999999998,10.4,10.97,13.3,2.4,0.77,604,40,8," "
AGC205156,157.72041666666664,12.446666666666665,10.43,16.13,18.6,0.16,0.95,915,20,9,BCD
FS04,160.50124999999997,12.334999999999999,10.4,13.0,15.7,1.0,0.46,772,64,8," "
UGC05812,160.23583333333332,12.471944444444443,10.4,12.81,15.5,1.48,0.4,1008,68,8," "
LeG05,159.93041666666664,12.634444444444442,10.4,14.32,16.77,0.6,0.53,780,69,10,Tr
LeG04,159.9175,12.734999999999998,10.4,16.24,18.7,0.52,0.5,,72,10,Tr
AGC205268,160.7183333333333,13.74111111111111,10.4,14.93,17.4,0.38,0.46,1145,64,9,BCD
LeG06,159.98208333333332,13.907777777777776,10.4,15.81,18.3,0.63,0.65,1007,57,10,Ir
NGC3377,161.92666666666665,13.985555555555553,10.91,7.44,11.24,5.25,0.58,678,68,-2," "
AGC205445,161.1470833333333,13.93972222222222,10.4,12.17,16.4,0.6,0.84,633,37,-1,Tr
KK93,161.60333333333332,14.024999999999999,10.4,13.78,18.0,0.58,0.94,,24,-3,Sph
DDO088,161.84291666666664,14.070277777777775,7.73,11.91,14.4,2.14,0.95,573,20,9,Im
AGC205165,159.26999999999998,15.337499999999999,10.4,13.9,16.4,0.72,0.74,724,48,9,Im
LeG11,161.00874999999996,15.588888888888887,10.4,16.32,18.8,0.35,0.9,,29,10,Tr
NGC3239,156.27041666666665,17.16361111111111,7.9,9.0,11.73,5.01,0.61,754,53,8," "
VCC0114,183.64666666666665,5.6772222222222215,8.2,13.75,16.16,0.6,0.52,2067,70,10,Ir
VCC0565,185.66041666666663,6.014444444444444,9.6,13.42,15.86,0.58,0.6,871,62,10,Ir
UGC07636,187.50416666666663,7.929444444444443,5.2,12.47,14.9,0.89,0.81,469,40,10,Ir
VCC0381,184.97541666666663,6.665833333333333,4.71,14.31,16.67,0.78,0.92,480,26,10,Ir
VCC1675,189.14583333333331,8.054722222222221,7.5,12.1,14.8,1.41,0.61,1790,61,9,BCD
VCC1725,189.42166666666665,8.559166666666666,8.5,11.74,14.89,1.17,0.54,1076,68,9,BCD
UGC07596,187.14124999999999,8.639722222222222,4.6,12.47,14.9,1.58,0.43,565,83,10,Ir
VCC0169,183.98416666666665,9.649166666666666,9.4,14.25,16.67,0.85,0.68,2219,54,10,Ir
IC3077,183.98458333333332,14.433055555555553,9.1,12.69,15.01,1.78,0.64,1406,58,9,BCD
IC3023,182.5070833333333,14.366944444444442,7.7,12.85,15.35,1.1,0.71,817,51,10,Ir
LV J1158+1535,179.66833333333332,15.592777777777776,6.27,15.63,18.2,0.32,0.83,565,38,10,Ir
VCC2037,191.56374999999997,10.203333333333331,7.4,13.35,15.8,1.2,0.46,1142,78,10,Ir
IC3718,191.19166666666663,12.351388888888888,6.8,11.91,14.0,2.57,0.3,849,74,8," "
GR8,194.6683333333333,14.217499999999998,2.13,12.9,14.79,1.66,0.91,217,27,10,Ir
KDG216,194.10416666666663,15.085833333333332,6.0,12.73,16.9,1.12,0.86,,37,-3,Tr
IC3583,189.18124999999998,13.259444444444442,7.6,11.2,13.31,2.88,0.52,1120,70,9,Im
KDG177,189.99374999999998,13.781388888888888,8.2,13.88,16.36,0.89,0.51,1005,71,10,Ir
VCC0841,186.4458333333333,14.951944444444443,7.9,13.04,15.5,1.1,0.49,499,74,9,Im
KK180,196.1245833333333,17.758888888888887,4.4,13.11,17.3,0.89,0.69,,55,-2,Sph
KDG215,193.91874999999996,19.209166666666665,5.5,14.47,16.9,1.17,0.54,419,68,10,Ir
NGC4826,194.18416666666664,21.68472222222222,4.37,5.33,9.3,13.8,0.52,409,63,2," "
KK177,195.67458333333332,21.997499999999995,4.4,13.15,17.4,0.78,0.91,,28,-2,Sph
KDG104,185.36624999999998,15.024444444444443,9.4,14.4,16.88,0.81,0.67,1861,55,10,Ir
GR34,185.53166666666664,15.799166666666665,8.9,13.5,15.95,0.93,0.82,1298,39,10,Ir
NGC4204,183.80999999999997,20.658611111111107,8.0,10.0,12.9,4.47,0.81,861,36,7," "
KKH80,187.02249999999998,22.29083333333333,7.43,14.37,16.8,0.85,0.69,602,53,10,Ir
UGC07584,187.0120833333333,22.589444444444442,9.2,13.75,16.19,0.91,0.5,603,72,9,BCD
NGC4455,187.18374999999997,22.822499999999998,8.4,10.55,12.93,3.24,0.29,644,76,7," "
UGC7321,184.39166666666665,22.540277777777774,17.2,10.67,14.09,6.76,0.06,403,90,7," "
IC3840,192.9420833333333,21.735277777777775,5.5,14.39,16.9,0.95,0.48,557,75,10,Ir
KK167,192.93499999999997,26.110555555555553,9.2,14.0,16.39,0.85,0.72,1248,50,10,Ir
UGC08030,193.62249999999997,26.304999999999996,15.3,14.21,16.6,1.23,0.56,628,66,10,Ir
ComaI,186.7458333333333,23.904166666666665,0.04,10.81,14.98,9.5,0.64,98,66,-3,Sph
UGCA298,191.7308333333333,26.56416666666666,11.0,12.43,15.25,0.89,0.78,844,44,9,BCD
DDO154,193.52166666666665,27.14861111111111,4.04,12.33,14.1,2.14,0.73,374,49,10,Ir
UGC07990,192.61333333333332,28.352777777777774,20.4,13.51,16.2,1.17,0.52,512,60,8," "
AGC749241,190.0070833333333,26.32194444444444,9.2,15.9,18.3,0.34,0.84,451,37,10,Ir
UGCA294,191.15874999999997,28.472499999999997,9.9,12.41,14.82,1.1,0.57,955,65,9,BCD
NGC3627,170.06249999999997,12.991388888888887,10.28,5.88,9.65,10.23,0.46,716,66,4," "
AGC202256,168.68749999999997,12.647499999999999,11.0,14.28,16.7,0.4,0.61,630,61,10,Ir
NGC3593,168.6495833333333,12.818611111111109,10.8,7.42,11.85,5.89,0.43,631,73,1," "
IC2684,169.25416666666663,13.099722222222221,10.3,13.69,16.15,0.81,0.75,588,47,10,Tr
IC2791,170.90666666666664,12.895833333333332,10.3,14.45,16.9,0.58,0.68,666,54,9,Im
AGC213436,170.59999999999997,12.979444444444443,10.3,12.5,16.7,0.52,0.98,626,13,-1,dE
IC2787,170.82958333333332,13.62972222222222,10.3,13.23,15.7,1.07,0.93,708,24,9,BCD
AGC215354,169.81624999999997,14.290277777777776,10.42,14.96,17.4,0.5,0.6,790,62,9,BCD
NGC3489,165.0775,13.90111111111111,12.08,7.37,11.12,3.8,0.57,695,60,1," "
AGC205278,164.7170833333333,14.129444444444443,10.4,14.88,17.3,0.54,0.68,686,54,10,Ir
LSBC D640-08,165.2170833333333,13.880833333333332,10.4,12.8,16.96,0.81,0.58,,75,-3,Sph
LeG33,165.1883333333333,14.17222222222222,10.4,16.18,18.6,0.35,0.55,,67,10,Tr
UGC06881,178.68624999999997,20.055555555555554,16.4,13.41,15.9,1.62,0.39,601,90,10,Ir
LeG27,163.08374999999998,14.70722222222222,10.4,14.42,18.6,0.37,0.67,,57,-2,Tr
AGC205544,163.01999999999998,15.030555555555553,10.4,12.92,17.1,0.45,0.8,828,41,-1,dE
CGCG 095-078,164.50916666666663,19.505277777777774,7.37,13.15,15.6,0.84,0.48,650,75,9,BCD
KKH67,170.76458333333332,21.326944444444443,10.0,14.21,18.4,0.71,0.81,,42,-2,Sph
LeoII,168.37166666666664,22.15472222222222,0.21,8.45,12.61,12.02,0.87,86,36,-3,Sph
AGC229053,184.5645833333333,25.568333333333328,17.9,15.44,17.9,0.49,0.48,425,75,10,Ir
DDO097,177.23833333333332,23.837777777777774,13.74,12.65,15.14,1.58,0.91,522,27,10,Ir
NGC4080,181.2158333333333,26.992499999999996,15.0,10.79,13.7,1.58,0.44,565,65,8," "
LV J1205+2813,181.39249999999998,28.23222222222222,6.74,14.02,16.7,0.69,0.79,534,38,8," "
KUG 1202+286,181.3470833333333,28.365555555555552,6.69,13.16,15.2,0.89,0.57,529,56,8," "
MCG +05-28-046,178.84791666666663,28.339999999999996,7.45,13.89,16.35,1.2,0.44,590,81,9,Im
BTS76,179.68374999999997,27.584999999999997,5.57,14.06,16.5,0.6,0.6,455,62,10,Ir
IC3308,186.3245833333333,26.714722222222218,12.8,12.51,15.41,1.55,0.26,316,77,8," "
AGC749236,186.42666666666665,26.809999999999995,19.5,14.86,17.3,0.62,0.51,273,71,10,Ir
IC3341,186.59749999999997,27.74555555555555,14.0,13.98,16.4,0.68,0.56,372,66,9,Im
KK138,185.4933333333333,28.242777777777775,6.3,16.27,18.7,0.42,0.58,,64,10,Tr
KK144,186.36624999999998,28.482499999999995,6.15,14.07,16.5,1.12,0.44,480,81,10,Ir
KDG098,184.62249999999997,28.64583333333333,9.0,12.31,16.5,0.76,0.93,,24,-1,Tr
IC3247,185.8083333333333,28.893888888888885,24.4,12.12,15.25,2.34,0.17,569,86,7," "
NGC4559,188.99041666666665,27.95972222222222,8.1,7.58,10.28,10.96,0.41,814,68,6," "
DDO131,187.99416666666664,29.70972222222222,8.1,12.86,15.28,1.15,0.76,643,46,10,Ir
DDO133,188.2208333333333,31.539166666666663,4.85,11.12,13.53,3.55,0.69,330,53,10,Ir
NGC4509,188.2783333333333,32.09166666666666,10.1,11.5,14.1,0.91,0.76,934,46,9,BCD
IC 779,184.91124999999997,29.88333333333333,16.67,11.79,15.22,1.32,0.86,213,34,-1,dE
NGC4308,185.48708333333332,30.074166666666663,14.0,10.62,14.11,0.85,0.95,642,20,-1," "
KK127,183.3445833333333,29.921666666666663,17.3,13.99,15.6,1.38,0.36,131,70,8," "
LV J1213+2957,183.45166666666665,29.958888888888886,2.68,14.98,17.4,0.47,0.71,225,51,10,Ir
NGC4136,182.32374999999996,29.927499999999995,7.9,9.31,11.69,3.98,0.92,608,24,5," "
IC2992,181.31624999999997,30.85555555555555,12.7,12.44,15.02,0.83,0.83,599,38,9,BCD
NGC4150,182.64,30.401666666666664,13.74,8.99,12.49,2.19,0.69,226,53,-1," "
UGC07131,182.29916666666665,30.906666666666663,16.8,13.95,16.8,1.62,0.29,253,75,8," "
MAPS1206+31,181.64374999999998,31.342499999999994,7.43,13.12,15.8,0.71,0.93,568,22,8," "
LV J1207+3133,181.95833333333331,31.552222222222216,7.37,14.82,17.5,0.64,0.82,562,35,8,Sm
NGC4395,186.45749999999998,33.54611111111111,4.61,8.0,10.64,13.18,0.83,313,34,8," "
LV J1217+3231,184.3833333333333,32.5325,5.93,15.8,18.2,0.66,0.62,447,60,9,Im
KKH78,184.43541666666664,33.345277777777774,4.7,15.3,17.7,0.45,0.63,,59,10,Ir
KK141,185.7195833333333,33.82861111111111,7.78,14.2,16.6,0.4,0.77,573,45,10,Ir
UGC7427,185.47916666666663,35.05138888888889,9.7,13.5,15.9,1.07,0.61,726,61,10,Ir
KUG 1157+315,180.06749999999997,31.224999999999994,23.2,12.88,15.05,0.83,0.48,617,62,8," "
KDG082,178.91416666666663,31.51944444444444,16.6,12.09,14.84,1.91,0.64,590,51,8," "
LV J1203+3257,180.79541666666665,32.956111111111106,7.55,14.02,16.7,0.97,0.38,570,69,8," "
UGC7257,183.7625,35.958611111111104,8.8,12.25,14.36,1.35,0.62,956,52,8," "
KDG090,183.74124999999998,36.218888888888884,2.86,13.43,15.86,1.55,0.87,,33,10,Tr
NGC4214,183.9120833333333,36.32749999999999,2.94,8.14,10.24,8.51,0.78,291,39,8," "
NGC4163,183.0370833333333,36.16944444444444,2.94,10.88,13.63,2.19,0.84,162,37,9,Im
MCG +06-27-017,182.48499999999999,36.43527777777777,4.83,12.0,15.5,0.95,0.31,339,90,9,Im
NGC4190,183.4358333333333,36.633333333333326,2.82,10.79,13.5,2.14,0.88,235,32,9,BCD
DDO099,177.7208333333333,38.88055555555555,2.64,11.86,13.7,4.27,0.37,251,90,10,Ir
Sag dIr,292.4958333333333,-17.678055555555552,1.04,12.13,14.12,2.88,0.72,-79,50,10,Ir
NGC6822,296.24041666666665,-14.803055555555554,0.5,6.0,9.31,19.05,0.87,-57,33,10,Ir
LV J1952+1428,298.0491666666666,14.473333333333331,7.13,13.54,16.9,0.3,0.93,279,24,9,BCD
Hercules,247.7583333333333,12.791666666666664,0.15,10.66,15.0,13.5,0.33,45,90,-3,Sph
[KK2000] 03,36.17791666666666,-73.51277777777777,4.1,10.83,16.0,2.45,0.4,,90,-3,Tr
LMC,80.89416666666665,-69.7561111111111,0.05,-1.75,0.91,645.65,0.85,278,35,9,Im
KK27,50.262499999999996,-66.31972222222221,3.98,13.85,16.5,1.17,0.33,533,90,10,Ir
NGC1313,49.56416666666666,-66.49749999999999,4.07,7.57,9.66,12.59,0.8,470,37,7," "
NGC1533,62.46583333333332,-56.118333333333325,19.4,7.63,11.79,3.55,0.82,785,37,1," "
IC2038,62.22541666666666,-55.99222222222222,19.2,12.0,14.98,2.09,0.24,712,79,7," "
SMC,13.158333333333331,-72.80027777777777,0.06,0.16,2.7,380.19,0.64,158,58,9,Im
ESO115-021,39.43749999999999,-61.341111111111104,4.99,9.97,13.34,7.24,0.14,515,90,7," "
IC1959,53.29916666666666,-50.41055555555555,6.05,11.04,13.2,4.07,0.23,640,79,8," "
NGC1311,50.03083333333333,-52.184999999999995,5.2,10.92,13.4,4.68,0.25,571,78,8," "
ESO154-023,44.209999999999994,-54.57305555555555,5.55,9.81,12.71,8.32,0.18,574,83,8," "
ESO199-007,44.517083333333325,-49.38249999999999,6.56,14.01,16.44,1.07,0.4,630,90,10,Ir
NGC1705,73.55708333333332,-53.36138888888888,5.11,10.52,12.77,2.24,0.74,628,48,9,BCD
HIPASS J0457-42,74.24458333333332,-42.803888888888885,7.2,12.06,14.46,1.41,0.37,657,70,10,Ir
PGC013294,53.98666666666666,-45.19138888888888,7.98,13.73,16.13,0.62,0.8,744,41,10,Ir
NGC1291,49.32749999999999,-41.10805555555555,8.8,5.66,9.42,14.45,0.92,838,25,1," "
ESO300-014,47.40749999999999,-41.03055555555555,9.8,10.0,13.06,7.08,0.52,955,60,8," "
ESO300-016,47.543749999999996,-40.00305555555555,8.8,13.15,15.57,1.45,0.72,710,50,10,Ir
NGC1800,76.60708333333332,-31.954166666666662,8.0,10.21,13.13,2.0,0.55,814,67,9,BCD
NGC1592,67.41999999999999,-27.408611111111107,9.1,12.66,14.45,1.41,0.48,945,75,10,Ir
Phoenix,27.776249999999997,-44.44472222222222,0.44,11.31,13.72,5.5,0.85,-52,35,10,Tr
ESO245-005,26.264999999999997,-43.59805555555555,4.43,10.26,12.7,3.8,0.89,393,30,9,Im
NGC0625,23.77083333333333,-41.436388888888885,3.89,8.9,11.59,7.08,0.28,395,76,8," "
AM0106-382,17.091666666666665,-38.20916666666666,8.2,13.86,16.26,0.72,0.56,645,66,10,Ir
ESO294-010,6.638749999999999,-41.85555555555555,1.92,14.08,15.53,1.51,0.64,107,58,10,Tr
NGC0055,3.785416666666666,-39.220277777777774,2.13,6.25,8.84,37.15,0.17,129,84,8," "
NGC0300,13.722916666666665,-37.6825,2.15,6.38,8.95,25.7,0.71,146,45,7," "
Sculptor,15.039166666666665,-33.70916666666666,0.09,5.9,10.05,39.81,0.68,105,60,-3,Sph
Fornax,39.97791666666666,-34.52583333333333,0.14,5.13,9.28,17.78,0.7,29,58,-3,Sph
ESO483-013,63.17124999999999,-23.158888888888885,7.4,10.84,14.06,1.58,0.54,898,68,9,BCD
NGC1400,54.87833333333332,-18.688055555555554,24.5,7.81,11.92,3.47,0.87,569,36,-3," "
ESO006-001,124.84708333333332,-85.14555555555555,6.7,12.97,15.13,1.1,0.91,738,27,9,BCD
NGC2915,141.54791666666665,-76.62638888888888,3.78,9.7,13.2,2.0,0.53,467,69,9,BCD
ESO059-001,112.83041666666665,-68.1861111111111,4.57,11.25,13.98,2.14,0.81,530,40,9,Im
ESO215-009,164.3758333333333,-48.178888888888885,5.25,12.6,16.03,2.0,0.6,598,62,10,Ir
ESO320-014,174.47249999999997,-39.22055555555555,6.08,12.9,15.85,1.38,0.64,654,58,10,Ir
ESO318-013,161.92458333333332,-38.854166666666664,6.5,12.07,14.97,1.78,0.14,718,90,8," "
NGC3621,169.5670833333333,-32.81166666666666,6.7,6.6,10.18,12.3,0.44,730,65,7," "
RKK1610,146.35333333333332,-48.14138888888888,14.9,12.63,16.9,0.93,0.68,882,54,10,Ir
ESO373-007,143.18916666666664,-33.24555555555555,8.3,13.52,16.4,1.29,0.54,862,68,10,Ir
ESO376-016,160.86291666666665,-37.0425,7.1,12.95,15.53,0.69,0.56,670,66,10,Ir
Antlia,151.01666666666665,-27.331944444444442,1.32,12.73,16.19,2.0,0.75,362,47,10,Tr
ESO499-038,150.95916666666665,-26.612777777777776,15.3,13.06,15.68,0.83,0.55,885,67,10,Ir
NGC3109,150.77999999999997,-26.159999999999997,1.32,7.5,10.39,19.95,0.19,403,83,8," "
ESO501-023,158.84666666666664,-24.754166666666663,7.0,10.34,13.2,3.47,0.79,1042,38,8," "
FG202,106.32124999999999,-58.520555555555546,4.9,12.13,14.95,1.95,0.47,564,76,10,Ir
LV J0616-5745,94.03833333333333,-57.76527777777777,6.0,14.5,17.01,0.4,0.8,554,41,10,Ir
ESO121-020,93.97708333333333,-57.726388888888884,6.05,12.76,15.27,0.93,0.71,587,51,10,Ir
Carina,100.40291666666666,-50.966111111111104,0.1,6.95,11.3,24.55,0.67,224,62,-3,Sph
KK55,99.88708333333332,-40.720277777777774,7.65,13.4,16.05,0.71,0.64,824,58,10,Ir
HIZSS021,116.56874999999998,-28.469722222222217,3.0,11.13,17.5,0.8,0.65,494,57,10,Ir
HIZSS008,111.34166666666665,-24.475277777777773,7.43,8.5,16.9,1.35,0.43,800,66,7," "
HIZSS012,112.53458333333332,-22.01694444444444,7.2,9.0,19.0,3.2,0.5,779,61,8," "
HIPASS J0905-36,136.49999999999997,-36.059999999999995,7.93,13.38,17.4,0.5,0.75,886,47,10,Ir
CGMW2-3473,126.30374999999998,-28.140277777777772,7.4,11.93,15.22,0.78,0.58,837,64,9,BCD
ESO495-021,129.0633333333333,-26.40944444444444,7.96,9.0,12.45,2.09,0.77,868,45,9,BCD
KK73,138.1220833333333,-24.241111111111106,9.8,10.62,16.35,0.62,0.62,,68,-3,Sph
NGC2784 dw01,138.07708333333332,-24.21111111111111,9.8,12.36,17.27,0.89,0.89,,33,-3,Sph
NGC2784,138.08083333333332,-24.171666666666663,9.82,6.33,11.24,5.5,0.4,687,90,-2," "
KK72,137.92624999999998,-23.98222222222222,9.8,13.17,18.0,0.45,0.83,,41,-3,Sph
KK71,137.29541666666665,-23.367777777777775,9.8,12.9,17.7,0.4,0.78,,48,-3,Sph
DDO056,137.44416666666666,-23.009166666666662,9.8,12.6,15.63,1.29,0.7,724,52,10,Ir
ESO496-010,132.27499999999998,-26.319999999999997,7.8,11.9,14.83,1.05,0.66,814,56,9,BCD
ESO497-004,135.76291666666665,-23.80833333333333,19.0,12.79,16.36,1.12,0.23,806,79,8," "
NGC3037,147.84999999999997,-27.011111111111106,8.1,11.12,13.64,1.29,0.87,887,30,8," "
LV J0939-2507,144.89583333333331,-25.126388888888886,6.15,12.92,15.5,0.63,0.57,741,65,10,Ir
LV J0944-2254,146.08374999999998,-22.916111111111107,6.05,14.18,16.83,0.32,0.76,729,46,9,BCD
DDO062,140.36458333333331,-22.500555555555554,18.6,11.72,14.8,2.51,0.24,846,79,8," "
HIPASS J0916-23b,139.24166666666665,-23.27972222222222,10.3,13.06,15.84,0.66,0.37,837,90,10,Ir
NGC2835,139.47041666666664,-22.355277777777776,10.3,7.92,11.01,8.91,0.67,885,49,5," "
ESO565-003,140.79125,-20.167499999999997,7.52,12.93,15.53,0.72,0.67,829,55,10,Ir
UGCA153,138.30041666666665,-19.40861111111111,21.9,12.36,15.4,2.24,0.6,766,54,8," "
LV J0935-1348,143.83999999999997,-13.814444444444442,7.3,14.08,16.6,0.42,0.75,796,47,9,BCD
ESO495-008,125.25291666666665,-23.781388888888884,17.3,13.21,16.06,0.69,0.28,789,90,10,Ir
HIPASS J0801-21,120.35583333333332,-21.997499999999995,6.34,13.97,17.2,0.48,0.55,730,67,10,Ir
HIZSS014,114.09416666666665,-19.49444444444444,7.35,10.82,18.4,0.4,0.6,786,62,9,BCD
IC3104,184.6920833333333,-79.7261111111111,2.27,9.26,13.65,3.72,0.47,429,76,9,Im
HIPASS J1247-77,191.8858333333333,-77.5836111111111,3.16,13.5,18.0,0.66,0.48,413,75,10,Ir
ESO137-018,245.2470833333333,-60.48749999999999,6.4,8.37,12.23,3.47,0.34,603,73,6," "
CIRCINUS,213.28874999999996,-65.33916666666666,4.2,5.28,12.12,6.92,0.43,434,69,3," "
HIPASS J1441-62,220.42791666666665,-62.767222222222216,6.02,12.93,20.5,0.3,0.65,672,57,10,Ir
HIPASS J1526-51,231.59541666666664,-51.17527777777777,5.68,14.64,19.5,,,605,,10,Ir
ESO222-010,218.76249999999996,-49.42166666666666,5.8,12.96,16.33,0.44,0.44,620,81,10,Ir
ESO223-009,225.28541666666663,-48.29249999999999,6.49,9.44,13.82,2.63,0.92,588,26,10,Ir
ESO274-001,228.55624999999998,-46.81249999999999,3.09,8.36,11.7,13.49,0.1,524,90,7," "
ESO273-014,224.62624999999997,-47.698611111111106,9.9,9.79,12.9,3.8,0.73,1050,44,7," "
IC4662,266.77624999999995,-64.64027777777777,2.44,8.53,11.74,2.82,0.57,302,65,9,BCD
ESO174-001,206.99041666666665,-53.3511111111111,3.6,11.5,14.2,2.45,0.43,686,83,10,Ir
NGC5206,203.43291666666664,-48.151111111111106,3.47,8.48,11.62,3.72,0.86,583,37,-3," "
ESO270-017,203.6970833333333,-45.54749999999999,3.6,8.2,11.71,15.85,0.12,827,90,8," "
NGC4945,196.35875,-49.47111111111111,3.8,4.49,9.28,28.18,0.19,563,86,6," "
ESO219-010,194.03999999999996,-50.14388888888888,4.29,11.44,16.42,0.68,0.79,,47,-3,Sph
ESO269-058,197.6370833333333,-46.99083333333333,3.8,9.04,13.29,4.68,0.6,400,62,9,Ir
ESO269-037,195.89,-46.58416666666666,3.48,13.42,16.29,1.2,0.75,744,47,10,Ir
KK203,201.8670833333333,-45.35249999999999,3.6,14.95,17.7,0.5,0.99,,9,10,Tr
KK196,200.44624999999996,-45.063333333333325,3.98,13.46,16.14,0.87,0.77,741,45,10,Ir
ESO269-066,198.2883333333333,-44.88999999999999,3.82,10.12,14.59,2.14,0.86,784,34,-1,Sph
NGC5128,201.37041666666664,-43.01666666666666,3.75,3.94,7.84,34.67,0.78,556,45,-2," "
PGC051659,217.01541666666662,-46.30166666666666,3.58,12.34,15.2,1.86,0.38,391,90,10,Ir
CenN,207.0383333333333,-47.56499999999999,3.66,12.84,17.5,0.76,0.78,,48,-3,Sph
HIPASS J1351-47,207.84166666666664,-46.99999999999999,5.73,14.6,17.5,0.56,0.6,529,62,10,Ir
ESO272-025,220.85624999999996,-44.70527777777777,5.88,12.27,14.79,1.58,0.5,631,72,10,Ir
KK221,207.1933333333333,-46.99694444444444,3.98,14.4,17.3,1.51,0.67,507,55,10,Ir
KK217,206.57166666666663,-45.68472222222221,3.84,12.99,17.57,0.65,0.83,,41,-3,Sph
KK211,205.5233333333333,-45.20499999999999,3.58,11.78,16.32,1.2,0.87,600,34,-2,Sph
KK213,205.89916666666664,-43.76916666666666,3.63,13.52,18.0,0.48,0.5,,90,-3,Sph
NGC5408,210.8395833333333,-41.37638888888888,4.81,10.5,12.2,2.82,0.42,502,87,9,Im
[KK2000] 57,205.40874999999997,-42.58194444444444,3.93,13.64,18.1,0.55,0.87,,36,-3,Sph
NGC5237,204.4120833333333,-42.8475,3.4,9.85,13.23,2.0,0.84,361,37,9,BCD
ESO325-011,206.2533333333333,-41.858888888888885,3.4,11.32,14.02,3.16,0.48,544,75,10,Ir
HIPASS J1337-39,204.3545833333333,-39.89777777777777,4.83,13.8,16.5,0.52,0.83,492,38,10,Ir
HIPASS J1348-37,207.14124999999999,-37.967499999999994,5.75,14.9,17.6,0.47,0.8,582,41,10,Ir
ESO384-016,209.25666666666663,-35.333888888888886,4.53,12.0,15.11,1.32,0.69,561,53,9,BCD
[KK2000] 51,191.0895833333333,-42.939722222222215,3.6,14.6,17.3,0.55,0.44,,81,10,Tr
NGC5011C,198.29958333333332,-43.26555555555555,3.6,11.24,14.21,1.17,0.66,647,56,-1,Tr
[KK2000] 55,200.55166666666665,-42.73083333333333,3.94,13.82,18.5,0.79,0.88,,34,-3,Sph
KK197,200.50749999999996,-42.53555555555555,3.87,10.98,15.68,1.58,0.78,,48,-3,Sph
ESO324-024,201.9058333333333,-41.48055555555555,3.73,10.35,12.91,3.31,0.72,514,44,8," "
KK189,198.18749999999997,-41.83194444444444,4.21,13.2,17.75,0.6,0.67,,62,-3,Sph
KK182,196.2620833333333,-40.08277777777777,5.78,13.47,16.33,0.91,0.6,617,62,10,Ir
[KK2000] 53,197.80916666666664,-38.90611111111111,3.6,12.85,17.3,0.79,0.87,,36,-3,Sph
ESO321-014,183.45666666666665,-38.23138888888889,3.18,12.7,15.21,1.41,0.43,609,83,10,Ir
ESO381-018,191.17791666666665,-35.96666666666666,5.32,13.52,15.72,0.79,0.58,624,64,10,Ir
ESO381-020,191.50166666666664,-33.83805555555555,5.45,12.11,14.44,2.82,0.4,589,90,10,Ir
[KK2000] 58,206.5033333333333,-36.32888888888888,3.6,13.06,17.41,0.93,0.7,,58,-3,Sph
ESO383-087,207.3283333333333,-36.061388888888885,3.45,8.2,11.0,5.62,0.8,326,37,8," "
NGC5102,200.4908333333333,-36.62972222222222,3.4,6.92,10.28,13.49,0.32,464,90,1," "
HIDEEP J1337-33,204.25249999999997,-33.36305555555555,4.37,14.76,17.3,0.2,0.95,591,20,10,Ir
KK198,200.73374999999996,-33.57277777777777,4.6,13.28,17.65,0.5,0.83,,41,-3,Tr
NGC5398,210.34249999999997,-33.06444444444444,8.1,10.34,12.78,3.55,0.52,1220,60,7," "
NGC5253,204.98249999999996,-31.639999999999997,3.56,8.29,10.87,6.92,0.38,407,69,8," "
KK218,206.6645833333333,-29.97916666666666,4.6,13.26,17.6,0.81,0.45,,90,-3,Sph
NGC5264,205.40416666666664,-29.913888888888884,4.53,9.5,12.6,3.47,0.6,478,54,8," "
NGC5236,204.25041666666664,-29.867777777777775,4.92,4.62,8.2,18.62,0.89,519,28,5," "
KK208,204.14791666666665,-29.57083333333333,4.68,10.03,14.3,5.89,0.42,,90,-3,Sph
UGCA365,204.1283333333333,-29.236388888888886,5.25,12.64,15.49,1.58,0.42,577,87,10,Ir
IC4316,205.07541666666663,-28.894444444444442,4.41,10.96,14.56,2.04,0.63,576,59,10,Ir
[KK2000] 54,200.38499999999996,-31.886388888888884,4.6,15.51,18.13,0.66,0.68,,54,10,Tr
KK195,200.28416666666664,-31.52972222222222,5.22,14.5,17.1,0.71,0.46,572,78,10,Ir
KK200,201.14999999999998,-30.972222222222218,4.63,13.42,16.67,1.1,0.62,494,60,10,Ir
IC4247,201.68499999999997,-30.362499999999997,4.97,11.25,14.41,1.66,0.38,420,90,10,Ir
ESO443-009,193.7233333333333,-28.34083333333333,5.78,14.4,17.01,0.71,0.75,645,47,10,Ir
MCG -04-31-038,197.40249999999997,-27.14055555555555,7.8,10.8,15.09,1.02,0.67,684,55,10,Ir
ESO444-084,204.33416666666665,-28.046111111111106,4.61,12.6,15.06,1.35,0.77,587,45,10,Ir
AM1320-230,200.8745833333333,-23.393055555555552,4.6,13.11,17.53,0.69,0.57,,77,-3,Tr
PGC170257,202.33749999999998,-21.179166666666664,6.5,12.6,15.33,0.93,0.75,650,47,9,BCD
Centaurus A-dE5,217.52083333333331,-33.479166666666664,9.0,15.78,18.43,0.52,0.58,,64,10,Tr
IC5052,313.0258333333333,-69.20388888888888,6.03,8.88,11.68,8.13,0.14,584,90,7," "
Tucana,340.4541666666666,-64.41999999999999,0.88,11.47,15.7,2.88,0.41,194,90,-1,Tr
IC4870,294.40666666666664,-65.81194444444444,7.3,12.11,14.5,1.74,0.56,877,66,9,BCD
IC4710,277.1583333333333,-66.98222222222222,7.94,9.56,12.51,3.72,0.78,739,39,8," "
ESO104-022,283.9216666666666,-64.81083333333332,6.7,12.95,15.63,1.48,0.67,797,55,10,Ir
NGC6684,282.24125,-65.17333333333332,8.7,7.05,11.31,3.98,0.65,866,55,0," "
ESO104-044,287.84624999999994,-64.21916666666665,8.3,12.46,14.96,1.78,0.64,750,58,10,Ir
[KK2000] 70,286.74541666666664,-63.96583333333332,8.3,15.17,17.7,0.55,0.82,,39,10,Ir
NGC6744,287.44124999999997,-63.85777777777777,8.3,5.94,9.14,21.38,0.65,841,51,4," "
[KK2000] 71,287.1833333333333,-63.73138888888888,8.3,12.58,15.1,1.82,0.39,,90,10,Ir
[KK2000] 72,288.0954166666666,-63.856111111111105,8.3,15.39,17.9,0.55,0.75,,47,10,Ir
IC4951,302.38249999999994,-61.850555555555545,9.8,10.98,13.97,3.24,0.18,814,83,8," "
NGC7090,324.1191666666666,-54.557222222222215,6.7,8.16,11.33,10.23,0.18,850,89,6," "
ESO238-005,335.62541666666664,-48.404999999999994,7.8,12.28,14.7,3.09,0.65,706,57,10,Ir
AM2220-460,335.9291666666666,-45.88222222222222,8.8,13.97,16.37,0.89,0.91,843,27,10,Ir
ESO149-003,358.0116666666666,-52.57749999999999,5.9,12.65,15.05,2.63,0.18,574,90,10,Ir
ApplesI,348.76374999999996,-42.53944444444444,8.32,17.25,21.4,0.1,0.73,674,54,-3,Sph
NGC7713,354.06249999999994,-37.93888888888888,7.8,9.19,11.49,6.76,0.41,692,68,6," "
LV J2335-3713,353.7670833333333,-37.22055555555555,7.8,14.23,16.64,0.58,0.57,615,65,10,Ir
NGC7462,345.6966666666666,-40.834999999999994,10.1,9.65,12.53,5.5,0.17,1057,90,6," "
ESO347-017,351.73374999999993,-37.34694444444444,7.6,11.78,14.69,1.91,0.34,691,72,7," "
IC5332,353.61458333333326,-36.10166666666666,7.8,8.7,11.0,8.32,0.87,701,30,7," "
IC5152,330.67458333333326,-51.29527777777777,1.97,7.97,11.03,7.08,0.62,122,60,9,BCD
IC5201,335.2391666666666,-46.03416666666666,8.8,8.0,11.3,8.71,0.46,915,64,6," "
KK258,340.18291666666664,-30.79972222222222,2.0,12.15,16.3,1.7,0.5,,90,-3,Tr
KK246,300.9891666666666,-31.68166666666666,7.83,13.3,17.06,0.91,0.42,435,87,10,Ir
Sag dSph,283.7629166666666,-30.478333333333328,0.02,-0.2,4.5,446.68,0.48,140,90,-3,Sph
DDO210,311.7158333333333,-12.848055555555554,0.94,11.29,14.0,2.63,0.5,-140,72,10,Ir
