#time X Y Z
2018-03-24_17:23:10 -1.6908896251401705E8 -7.377904285470116E7 -1.389271825440031E8
2018-03-26_02:18:51 -1.7039958512438938E8 -7.444541791286181E7 -1.3651524678073046E8
2018-03-27_11:14:31 -1.7168431909658366E8 -7.510048247806421E7 -1.3408257185776997E8
2018-03-28_20:10:12 -1.7294288011849046E8 -7.574409804304202E7 -1.3162945781004812E8
2018-03-30_05:05:53 -1.7417498590464827E8 -7.637612689003885E7 -1.2915620983560067E8
2018-03-31_14:01:34 -1.7538035627440035E8 -7.699643212615153E7 -1.2666313831389777E8
2018-04-01_22:57:15 -1.765587132317473E8 -7.760487771947816E7 -1.2415055882264183E8
2018-04-03_07:52:55 -1.77709781046372E8 -7.820132853584455E7 -1.2161879215375401E8
2018-04-04_16:48:36 -1.7883328633646548E8 -7.878565037638365E7 -1.1906816432731745E8
2018-04-06_01:44:17 -1.7992895815236163E8 -7.935771001553725E7 -1.1649900660500638E8
2018-04-07_10:39:58 -1.8099652806191143E8 -7.991737523988652E7 -1.1391165550120457E8
2018-04-08_19:35:39 -1.820357302367992E8 -8.046451488746466E7 -1.1130645279307857E8
2018-04-10_04:31:19 -1.8304630154015282E8 -8.099899888770601E7 -1.0868374552884053E8
2018-04-11_13:27:00 -1.8402798161542717E8 -8.15206983020219E7 -1.0604388603416102E8
2018-04-12_22:22:41 -1.8498051297616398E8 -8.202948536483411E7 -1.0338723191745712E8
2018-04-14_07:18:22 -1.8590364109725788E8 -8.252523352533843E7 -1.0071414607283498E8
2018-04-15_16:14:03 -1.8679711450718403E8 -8.300781748976478E7 -9.802499668181878E7
2018-04-17_01:09:43 -1.8766068488192475E8 -8.347711326448573E7 -9.53201572120121E7
2018-04-18_10:05:24 -1.8849410713862827E8 -8.393299819893175E7 -9.260000641879123E7
2018-04-19_19:01:05 -1.8929713953352177E8 -8.437535103075585E7 -8.98649283358846E7
2018-04-21_03:56:46 -1.9006954375821257E8 -8.480405193006383E7 -8.711531227317159E7
2018-04-22_12:52:27 -1.908110850386985E8 -8.521898254506777E7 -8.435155280813563E7
2018-04-23_21:48:07 -1.915215322354868E8 -8.562002604827672E7 -8.157404977578478E7
2018-04-25_06:43:48 -1.9220065794484568E8 -8.60070671832677E7 -7.878320825669314E7
2018-04-26_15:39:29 -1.9284823860119563E8 -8.637999231204203E7 -7.597943856278878E7
2018-04-28_00:35:10 -1.9346405458064568E8 -8.673868946296833E7 -7.316315622065014E7
2018-04-29_09:30:51 -1.9404789030556446E8 -8.708304837926544E7 -7.03347819521969E7
2018-04-30_18:26:31 -1.9459953434987944E8 -8.741296056789078E7 -6.749474165342508E7
2018-05-02_03:22:12 -1.9511877954547966E8 -8.772831934899905E7 -6.464346636973602E7
2018-05-03_12:17:53 -1.956054230891893E8 -8.802901990573822E7 -6.178139226929656E7
2018-05-04_21:13:34 -1.9605926665063694E8 -8.83149593345258E7 -5.890896061319457E7
2018-05-06_06:09:15 -1.9648011648078135E8 -8.858603669570056E7 -5.602661772306198E7
2018-05-07_15:04:55 -1.9686778352121034E8 -8.884215306460294E7 -5.3134814945677266E7
2018-05-09_00:00:36 -1.972220835140978E8 -8.908321158303441E7 -5.023400861496917E7
2018-05-10_08:56:17 -1.975428371129668E8 -8.930911751116227E7 -4.732466001073267E7
2018-05-11_17:51:58 -1.978298699941901E8 -8.951977827986898E7 -4.440723531360536E7
2018-05-13_02:47:39 -1.9808301296873227E8 -8.971510354315914E7 -4.148220556186358E7
2018-05-14_11:43:19 -1.983021020954671E8 -8.989500523164089E7 -3.855004659524874E7
2018-05-15_20:39:00 -1.984869787941034E8 -9.005939760564226E7 -3.5611239005266815E7
2018-05-17_05:34:41 -1.9863748995899796E8 -9.020819730895907E7 -3.2666268077686563E7
2018-05-18_14:30:22 -1.9875348807326394E8 -9.034132342279838E7 -2.9715623732025962E7
2018-05-19_23:26:03 -1.9883483132294086E8 -9.045869751984428E7 -2.6759800458466403E7
2018-05-21_08:21:43 -1.9888138371127802E8 -9.056024371846707E7 -2.3799297250394143E7
2018-05-22_17:17:24 -1.9889301517277014E8 -9.064588873691595E7 -2.0834617534246188E7
2018-05-24_02:13:05 -1.9886960168696487E8 -9.071556194750175E7 -1.7866269095134858E7
2018-05-25_11:08:46 -1.9881102539179167E8 -9.076919543065739E7 -1.4894763999293376E7
2018-05-26_20:04:27 -1.987171746963628E8 -9.080672402885476E7 -1.1920618512957565E7
2018-05-28_05:00:07 -1.9858794439318332E8 -9.082808540034729E7 -8944353.017387498
2018-05-29_13:55:48 -1.984232357696839E8 -9.083322007270108E7 -5966491.920512398
2018-05-30_22:51:29 -1.982229567190798E8 -9.082207149611497E7 -2987563.564901104
2018-06-01_07:47:10 -1.979870218505385E8 -9.079458609652333E7 -8100.132208329716
2018-06-02_16:42:51 -1.9771535259865978E8 -9.075071332848306E7 2971362.456203091
2018-06-04_01:38:31 -1.9740787733225077E8 -9.069040572783826E7 5950284.642185431
2018-06-05_10:34:12 -1.9706453146224922E8 -9.061361896412264E7 8928123.33841978
2018-06-06_19:29:53 -1.9668525754946905E8 -9.052031189284845E7 1.1904332035082417E7
2018-06-08_04:25:34 -1.962700054103109E8 -9.041044660723865E7 1.4878360919787128E7
2018-06-09_13:21:15 -1.9581873222262877E8 -9.028398848986256E7 1.7849656991965182E7
2018-06-10_22:16:55 -1.9533140262990788E8 -9.014090626374215E7 2.0817664185877748E7
2018-06-12_07:12:36 -1.9480798884423602E8 -8.998117204298279E7 2.3781823496604305E7
2018-06-13_16:08:17 -1.9424847074776503E8 -8.980476138282083E7 2.67415731099671E7
2018-06-15_01:03:58 -1.9365283599245545E8 -8.961165332899028E7 2.9696348536536187E7
2018-06-16_09:59:39 -1.930210800979038E8 -8.940183046631889E7 3.2645582749466516E7
2018-06-17_18:55:19 -1.9235320654706034E8 -8.917527896646208E7 3.5588706326356195E7
2018-06-19_03:51:00 -1.9164922687968734E8 -8.893198863470694E7 3.8525147594909266E7
2018-06-20_12:46:41 -1.9090916078337362E8 -8.867195295576087E7 4.145433278263766E7
2018-06-21_21:42:22 -1.9013303618202993E8 -8.839516913848825E7 4.437568617027199E7
2018-06-23_06:38:03 -1.8932088932180306E8 -8.810163815956597E7 4.728863024883479E7
2018-06-24_15:33:43 -1.8847276485418984E8 -8.779136480595812E7 5.01925858809262E7
2018-06-26_00:29:24 -1.87588715916549E8 -8.746435771629703E7 5.308697246505309E7
2018-06-27_09:25:05 -1.8666880420960647E8 -8.71206294209892E7 5.5971208104474545E7
2018-06-28_18:20:46 -1.8571310007224813E8 -8.676019638117413E7 5.88447097789067E7
2018-06-30_03:16:27 -1.8472168255286047E8 -8.638307902622795E7 6.170689352138244E7
2018-07-01_12:12:07 -1.836946394793035E8 -8.598930179060715E7 6.45571745936758E7
2018-07-02_21:07:48 -1.826320675222407E8 -8.557889314800598E7 6.739496767503095E7
2018-07-04_06:03:29 -1.815340722585064E8 -8.515188564536048E7 7.021968704433215E7
2018-07-05_14:59:10 -1.804007682290273E8 -8.47083159345855E7 7.303074677108297E7
2018-07-06_23:54:51 -1.792322789935731E8 -8.424822480291244E7 7.582756090775973E7
2018-07-08_08:50:31 -1.7802873718113068E8 -8.377165720131783E7 7.860954368644619E7
2018-07-09_17:46:12 -1.7679028453648826E8 -8.32786622712854E7 8.137610971730359E7
2018-07-11_02:41:53 -1.7551707196222904E8 -8.276929336954896E7 8.412667419054289E7
2018-07-12_11:37:34 -1.7420925955632666E8 -8.224360809088875E7 8.686065308079927E7
2018-07-13_20:33:15 -1.7286701664511397E8 -8.170166828887789E7 8.957746335405144E7
2018-07-15_05:28:55 -1.7149052181154713E8 -8.114354009453556E7 9.227652317691125E7
2018-07-16_14:24:36 -1.7007996291877073E8 -8.056929393288769E7 9.495725212799445E7
2018-07-17_23:20:17 -1.6863553712877646E8 -7.997900453733663E7 9.761907141163893E7
2018-07-19_08:15:58 -1.6715745091637543E8 -7.937275096193413E7 1.0026140407327895E8
2018-07-20_17:11:39 -1.6564592007824427E8 -7.875061659144855E7 1.0288367521688123E8
2018-07-22_02:07:19 -1.6410116973710364E8 -7.8112689149247E7 1.0548531222409353E8
2018-07-23_11:03:00 -1.6252343434043112E8 -7.745906070274049E7 1.0806574497593665E8
2018-07-24_19:58:41 -1.6091295765700123E8 -7.678982766775168E7 1.1062440607144047E8
2018-07-26_04:54:22 -1.5926999276280108E8 -7.610509080828999E7 1.1316073105679664E8
2018-07-27_13:50:03 -1.575948020273101E8 -7.540495523628382E7 1.156741586466351E8
2018-07-28_22:45:43 -1.5588765709180382E8 -7.468953040780196E7 1.1816413095085678E8
2018-07-30_07:41:24 -1.541488388427461E8 -7.395893011702234E7 1.2063009370151584E8
2018-07-31_16:37:05 -1.523786373797067E8 -7.321327248770401E7 1.2307149648030265E8
2018-08-02_01:32:46 -1.505773519776373E8 -7.245267996208176E7 1.2548779294645403E8
2018-08-03_10:28:27 -1.4874529104354137E8 -7.16772792871895E7 1.2787844106473127E8
2018-08-04_19:24:07 -1.4688277206711012E8 -7.088720149841954E7 1.3024290333369821E8
2018-08-06_04:19:48 -1.4499012156581497E8 -7.008258190052183E7 1.3258064701333658E8
2018-08-07_13:15:29 -1.430676750238184E8 -6.926356004576102E7 1.3489114435263622E8
2018-08-08_22:11:10 -1.4111577682535818E8 -6.843027970951004E7 1.3717387281607762E8
2018-08-10_07:06:51 -1.3913478018207148E8 -6.758288886304405E7 1.3942831530957764E8
2018-08-11_16:02:31 -1.3712504705456975E8 -6.67215396436655E7 1.4165396040532407E8
2018-08-13_00:58:12 -1.3508694806821805E8 -6.584638832213747E7 1.4385030256545413E8
2018-08-14_09:53:53 -1.330208624233688E8 -6.4957595267529264E7 1.460168423641648E8
2018-08-15_18:49:34 -1.3092717779965834E8 -6.405532490930123E7 1.4815308670855114E8
2018-08-17_03:45:15 -1.2880629025407527E8 -6.313974569649843E7 1.502585490582217E8
2018-08-18_12:40:55 -1.2665860411696856E8 -6.22110300558494E7 1.5233274963943887E8
2018-08-19_21:36:36 -1.2448453187520559E8 -6.1269354344103456E7 1.543752156641946E8
2018-08-21_06:32:17 -1.2228449405696717E8 -6.031489880085574E7 1.5638548153963166E8
2018-08-22_15:27:58 -1.2005891910719115E8 -5.934784749710949E7 1.583630890784719E8
2018-08-24_00:23:39 -1.1780824325838284E8 -5.8368388281606436E7 1.6030758770552865E8
2018-08-25_09:19:19 -1.1553291039573237E8 -5.737671272446011E7 1.6221853466108188E8
2018-08-26_18:15:00 -1.1323337191679126E8 -5.637301605819702E7 1.6409549520069125E8
2018-08-28_03:10:41 -1.1091008658581817E8 -5.535749711624819E7 1.6593804279116574E8
2018-08-29_12:06:22 -1.0856352038283496E8 -5.4330358268905565E7 1.6774575930253345E8
2018-08-30_21:02:03 -1.0619414634760447E8 -5.329180535683381E7 1.695182351957456E8
2018-09-01_05:57:43 -1.038024444184532E8 -5.224204762210262E7 1.7125506970612457E8
2018-09-02_14:53:24 -1.0138890126663983E8 -5.118129763704426E7 1.729558710219963E8
2018-09-03_23:49:05 -9.895401012575068E7 -5.0109771230712816E7 1.7462025645892927E8
2018-09-05_08:44:46 -9.649827061681125E7 -4.902768741324418E7 1.7624785262904918E8
2018-09-06_17:40:27 -9.402218856914084E7 -4.793526829813181E7 1.778382956054735E8
2018-09-08_02:36:07 -9.152627583707044E7 -4.6832739022470035E7 1.793912310817653E8
2018-09-09_11:31:48 -8.90110501126151E7 -4.572032766520577E7 1.8090631452632517E8
2018-09-10_20:27:29 -8.647703473358224E7 -4.459826516316555E7 1.8238321133195427E8
2018-09-12_05:23:10 -8.392475849232644E7 -4.346678522716499E7 1.8382159695752096E8
2018-09-13_14:18:51 -8.135475543201347E7 -4.2326124252382666E7 1.8522115706923628E8
2018-09-14_23:14:31 -7.876756464861567E7 -4.1176521231056884E7 1.8658158767083025E8
2018-09-16_08:10:12 -7.616373008458883E7 -4.0018217661293544E7 1.8790259523069954E8
2018-09-17_17:05:53 -7.354380032104933E7 -3.8851457454987906E7 1.891838968020026E8
2018-09-19_02:01:34 -7.090832836624183E7 -3.76764868438927E7 1.904252201368089E8
2018-09-20_10:57:15 -6.825787144173774E7 -3.64935542844593E7 1.916263037935241E8
2018-09-21_19:52:55 -6.559299076555741E7 -3.5302910361101925E7 1.927868972379367E8
2018-09-23_04:48:36 -6.291425133325863E7 -3.410480768834075E7 1.9390676093740436E8
2018-09-24_13:44:17 -6.022222169670971E7 -3.2899500811706472E7 1.9498566644837388E8
2018-09-25_22:39:58 -5.7517473740745485E7 -3.168724610749523E7 1.9602339649715924E8
2018-09-27_07:35:39 -5.480058245820192E7 -3.04683016815967E7 1.9701974505389354E8
2018-09-28_16:31:19 -5.207212572347042E7 -2.924292726746032E7 1.9797451739966804E8
2018-09-30_01:27:00 -4.9332684064733E7 -2.8011384123277295E7 1.9888753018691266E8
2018-10-01_10:22:41 -4.6582840435047686E7 -2.6773934928455383E7 1.9975861149300963E8
2018-10-02_19:18:22 -4.382317998255625E7 -2.553084367951094E7 2.0058760086712745E8
2018-10-04_04:14:03 -4.105428982011632E7 -2.4282375585511982E7 2.0137434937019554E8
2018-10-05_13:09:43 -3.827675879333101E7 -2.3028796962615505E7 2.021187196083341E8
2018-10-06_22:05:24 -3.5491177253189236E7 -2.1770375130495828E7 2.028205857580728E8
2018-10-08_07:01:05 -3.269813681907568E7 -2.0507378304241084E7 2.0347983358714217E8
2018-10-09_15:56:46 -2.9898230151237637E7 -1.924007549033197E7 2.0409636046570167E8
2018-10-11_00:52:27 -2.7092050719131313E7 -1.7968736380568717E7 2.046700753717123E8
2018-10-12_09:48:07 -2.428019257087282E7 -1.669363124631664E7 2.052008988890103E8
2018-10-13_18:43:48 -2.146325010402629E7 -1.5415030833159102E7 2.0568876319817248E8
2018-10-15_03:39:29 -1.8641817836598616E7 -1.4133206255475692E7 2.0613361206044802E8
2018-10-16_12:35:10 -1.5816490180324107E7 -1.2848428891854808E7 2.0653540079454762E8
2018-10-17_21:30:51 -1.2987861214237703E7 -1.1560970280482471E7 2.0689409624672696E8
2018-10-19_06:26:31 -1.01565244609006E7 -1.0271102015541514E7 2.072096767540508E8
2018-10-20_15:22:12 -7323072.664087064 -8979095.644113913 2.0748213210117027E8
2018-10-22_00:17:53 -4488097.568509655 -7685222.56384643 2.0771146347078001E8
2018-10-23_09:13:34 -1652189.7020444858 -6389753.921588013 2.0789768338790154E8
2018-10-24_18:09:15 1184061.8399922247 -5092960.512815347 2.080408156582438E8
2018-10-26_03:04:55 4020069.607501368 -3795112.6822913256 2.0814089530073968E8
2018-10-27_12:00:36 6855248.006122636 -2496480.225562146 2.0819796847443393E8
2018-10-28_20:56:17 9689013.50449476 -1197332.291785903 2.0821209239982474E8
2018-10-30_05:51:58 1.2520784839863341E7 102062.7128230389 2.0818333527470148E8
2018-10-31_14:47:39 1.5349983215392452E7 1401437.2179026972 2.0811177618467245E8
2018-11-01_23:43:19 1.817603250444243E7 2700524.585183461 2.079975050081976E8
2018-11-03_08:39:00 2.099835944132697E7 3999059.198684219 2.0784062231643608E8
2018-11-04_17:34:41 2.3816393813851357E7 5296776.555859144 2.0764123926781523E8
2018-11-06_02:30:22 2.6629568650990386E7 6593413.356663131 2.073994774974857E8
2018-11-07_11:26:03 2.9437320406896286E7 7888707.5910700075 2.071154690017668E8
2018-11-08_20:21:43 3.2239089141114794E7 9182398.624981515 2.0678935601772964E8
2018-11-10_05:17:24 3.503431869472381E7 1.0474227284396764E7 2.064212908981387E8
2018-11-11_14:13:05 3.782245686238951E7 1.1763935937829414E7 2.060114359819593E8
2018-11-12_23:08:46 4.06029555604291E7 1.3051268577003445E7 2.055599634606407E8
2018-11-14_08:04:27 4.3375270990152165E7 1.4335970895501163E7 2.0506705524056828E8
2018-11-15_17:00:07 4.6138863797506474E7 1.5617790365801895E7 2.045329028017078E8
2018-11-17_01:55:48 4.8893199227849565E7 1.68964763141904E7 2.039577070529281E8
2018-11-18_10:51:29 5.1637747276766285E7 1.8171779993928652E7 2.0334167818400204E8
2018-11-19_19:47:10 5.4371982836057425E7 1.9443454656302657E7 2.0268503551467952E8
2018-11-21_04:42:51 5.70953858354215E7 2.071125561976933E7 2.0198800734086838E8
2018-11-22_13:38:31 5.9807441379767805E7 2.1974940337167688E7 2.0125083077803674E8
2018-11-23_22:34:12 6.250763988254887E7 2.323426846119084E7 2.0047375160183033E8
2018-11-25_07:29:53 6.519547719028862E7 2.4489001905841816E7 1.9965702408740076E8
2018-11-26_16:25:34 6.787045471127048E7 2.5738904909942627E7 1.9880091084376338E8
2018-11-28_01:21:15 7.053207953034699E7 2.6983744094267476E7 1.9790568264847955E8
2018-11-29_10:16:55 7.317986452377985E7 2.822328851877943E7 1.9697161827876788E8
2018-11-30_19:12:36 7.581332846813829E7 2.945730973719387E7 1.9599900434091094E8
2018-12-02_04:08:17 7.843199614429E7 3.0685581849343352E7 1.9498813509782946E8
2018-12-03_13:03:58 8.103539843654773E7 3.190788155136311E7 1.9393931229501295E8
2018-12-04_21:59:39 8.362307242708111E7 3.31239881837413E7 1.9285284498496926E8
2018-12-06_06:55:19 8.619456148514524E7 3.433368377703165E7 1.9172904935068184E8
2018-12-07_15:51:00 8.874941535199614E7 3.5536753095601514E7 1.905682485279179E8
2018-12-09_00:46:41 9.128719022044903E7 3.673298367895574E7 1.8937077242721123E8
2018-12-10_09:42:22 9.380744881049313E7 3.7922165881246895E7 1.881369575550455E8
2018-12-11_18:38:03 9.630976043951182E7 3.910409290833706E7 1.8686714683528617E8
2018-12-13_03:33:43 9.879370108880353E7 4.027856085314523E7 1.8556168943012974E8
2018-12-14_12:29:24 1.0125885346509531E8 4.1445368728707366E7 1.8422094056153372E8
2018-12-15_21:25:05 1.0370480705796534E8 4.2604318499350086E7 1.8284526133273003E8
2018-12-17_06:20:46 1.0613115819283286E8 4.375521510982239E7 1.8143501855016467E8
2018-12-18_15:16:27 1.0853751008080092E8 4.4897866512981E7 1.799905845451631E8
2018-12-20_00:12:07 1.1092347285967456E8 4.603208369335973E7 1.7851233699890468E8
2018-12-21_09:07:48 1.1328866363951814E8 4.715768069292561E7 1.7700065876264173E8
2018-12-22_18:03:29 1.1563270653552988E8 4.827447463087739E7 1.754559376836789E8
2018-12-24_02:59:10 1.1795523270109224E8 4.938228572356512E7 1.7387856642947486E8
2018-12-25_11:54:51 1.2025588035582899E8 5.0480937302088E7 1.7226894231312063E8
2018-12-26_20:50:31 1.2253429480986953E8 5.157025582812197E7 1.70627467119567E8
2018-12-28_05:46:12 1.247901284839294E8 5.2650070907804854E7 1.6895454693312848E8
2018-12-29_14:41:53 1.2702304092589901E8 5.372021530398004E7 1.6725059196589276E8
2018-12-30_23:37:34 1.2923269882357341E8 5.478052494663622E7 1.655160163875814E8
2019-01-01_08:33:15 1.3141877601379555E8 5.583083894166234E7 1.6375123815685835E8
2019-01-02_17:28:55 1.335809534881365E8 5.687099957796787E7 1.6195667885421005E8
2019-01-04_02:24:36 1.3571891939532062E8 5.790085233306335E7 1.6013276351640925E8
2019-01-05_11:20:17 1.3783236904024684E8 5.892024587703158E7 1.5827992047287795E8
2019-01-06_20:15:58 1.3992100487992066E8 5.9929032075031176E7 1.5639858118382445E8
2019-01-08_05:11:39 1.4198453651631078E8 6.092706598833508E7 1.544891800802312E8
2019-01-09_14:07:19 1.440226806861446E8 6.191420587391606E7 1.5255215440583253E8
2019-01-10_23:03:00 1.460351612483392E8 6.289031318291168E7 1.5058794406041506E8
2019-01-12_07:58:41 1.4802170916527456E8 6.385525255611822E7 1.4859699144829464E8
2019-01-13_16:54:22 1.499820624878673E8 6.4808891821357965E7 1.465797413222837E8
2019-01-15_01:50:03 1.5191596633093506E8 6.5751101986158185E7 1.4453664063644493E8
2019-01-16_10:45:43 1.5382317284942937E8 6.668175723085931E7 1.4246813839742738E8
2019-01-17_19:41:24 1.55703441211158E8 6.760073490003896E7 1.4037468551883116E8
2019-01-19_04:37:05 1.5755653756700465E8 6.850791549273051E7 1.3825673467777035E8
2019-01-20_13:32:46 1.5938223501854596E8 6.940318265138727E7 1.361147401739929E8
2019-01-21_22:28:27 1.611803135837484E8 7.028642314989485E7 1.3394915779091708E8
2019-01-23_07:24:07 1.629505601599571E8 7.115752688028917E7 1.3176044465988776E8
2019-01-24_16:19:48 1.646927684852519E8 7.201638683864768E7 1.2954905912647599E8
2019-01-26_01:15:29 1.6640673909774572E8 7.28628991099743E7 1.2731546061960861E8
2019-01-27_10:11:10 1.6809227929311836E8 7.369696285220338E7 1.2506010952331203E8
2019-01-28_19:06:51 1.6974920308050236E8 7.451848027938096E7 1.2278346705108723E8
2019-01-30_04:02:31 1.7137733113671815E8 7.532735664401802E7 1.2048599512294677E8
2019-01-31_12:58:12 1.7297649075892237E8 7.612350021865188E7 1.1816815624518062E8
2019-02-01_21:53:53 1.7454651581597432E8 7.690682227674323E7 1.1583041339226942E8
2019-02-03_06:49:34 1.7608724669808042E8 7.767723707272667E7 1.1347322989174591E8
2019-02-04_15:45:15 1.7759853026552564E8 7.843466182159412E7 1.1109706931063716E8
2019-02-06_00:40:55 1.7908021979365274E8 7.917901667657866E7 1.0870239534798603E8
2019-02-07_09:36:36 1.8053217492116848E8 7.991022470852713E7 1.0628967172243008E8
2019-02-08_18:32:17 1.8195426159234405E8 8.062821188217795E7 1.0385936206952436E8
2019-02-10_03:27:58 1.8334635200028887E8 8.133290703298171E7 1.0141192983790225E8
2019-02-11_12:23:39 1.8470832452863625E8 8.202424184309937E7 9.894783818846053E7
2019-02-12_21:19:19 1.8604006369204035E8 8.270215081679401E7 9.646754989629446E7
2019-02-14_06:15:00 1.8734146007595694E8 8.336657125541678E7 9.397152725465311E7
2019-02-15_15:10:41 1.886124102754877E8 8.401744323189948E7 9.146023198174877E7
2019-02-17_00:06:22 1.8985281683361953E8 8.465470956489822E7 8.893412513000688E7
2019-02-18_09:02:03 1.9106258817896315E8 8.527831579263745E7 8.639366699781522E7
2019-02-19_17:57:43 1.9224163856312436E8 8.588821014651422E7 8.383931704367264E7
2019-02-21_02:53:24 1.9338988799770483E8 8.648434352446635E7 8.127153380291161E7
2019-02-22_11:49:05 1.9450726219105646E8 8.706666946415922E7 7.869077480676584E7
2019-02-23_20:44:46 1.955936924847529E8 8.76351441159785E7 7.6097496503847E7
2019-02-25_05:40:27 1.9664911578984106E8 8.818972621585733E7 7.349215418377542E7
2019-02-26_14:36:07 1.976734745227712E8 8.873037705789408E7 7.08752019030476E7
2019-02-27_23:31:48 1.9866671654089546E8 8.925706046671733E7 6.824709241339988E7
2019-03-01_08:27:29 1.9962879507804328E8 8.976974276984556E7 6.560827709088311E7
2019-03-02_17:23:10 2.0055966867800623E8 9.026839276891258E7 6.295920587170998E7
2019-03-04_02:18:51 2.014593011307197E8 9.075298171231963E7 6.030032718169219E7
2019-03-05_11:14:31 2.023276614050185E8 9.122348326600966E7 5.763208787574964E7
2019-03-06_20:10:12 2.03164723582461E8 9.167987348480433E7 5.495493317588129E7
2019-03-08_05:05:53 2.039704667906288E8 9.212213078341652E7 5.226930661185115E7
2019-03-09_14:01:34 2.04744875136316E8 9.255023590735598E7 4.9575649963755384E7
2019-03-10_22:57:15 2.0548793763860455E8 9.29641719037278E7 4.687440320713217E7
2019-03-12_07:52:55 2.061996481621556E8 9.336392409207219E7 4.416600445968779E7
2019-03-13_16:48:36 2.0688000535063723E8 9.37494800352124E7 4.145088993067947E7
2019-03-15_01:44:17 2.0752901256062683E8 9.41208295102646E7 3.8729493871909775E7
2019-03-16_10:39:58 2.0814667779593882E8 9.447796447978902E7 3.600224853088811E7
2019-03-17_19:35:39 2.08733013642489E8 9.482087906313609E7 3.3269584106066238E7
2019-03-19_04:31:19 2.0928803720372653E8 9.514956950800058E7 3.0531928703888915E7
2019-03-20_13:27:00 2.0981177003668508E8 9.546403416221212E7 2.77897082973762E7
2019-03-21_22:22:41 2.1030423808846676E8 9.576427344567728E7 2.504334668717545E7
2019-03-23_07:18:22 2.1076547163332507E8 9.605028982255028E7 2.2293265463478807E7
2019-03-24_16:14:03 2.1119550521011555E8 9.632208777352777E7 1.953988396999661E7
2019-03-26_01:09:43 2.115943775602438E8 9.657967376835673E7 1.6783619268604133E7
2019-03-27_10:05:24 2.1196213156531012E8 9.682305623803197E7 1.402488610989175E7
2019-03-28_19:01:05 2.122988141863467E8 9.705224554793796E7 1.1264096896160288E7
2019-03-30_03:56:46 2.1260447640202135E8 9.726725397022216E7 8501661.654975018
2019-03-31_12:52:27 2.1287917314781976E8 9.746809565670475E7 5737988.00960945
2019-04-01_21:48:07 2.1312296325546163E8 9.765478661182949E7 2973481.151869831
2019-04-03_06:43:48 2.1333590939274955E8 9.782734466577555E7 208543.8161109199
2019-04-04_15:39:29 2.1351807800392026E8 9.798578944776113E7 -2556423.7450356632
2019-04-06_00:35:10 2.136695392505938E8 9.81301423595849E7 -5321023.784094479
2019-04-07_09:30:51 2.1379036695339516E8 9.826042654943866E7 -8084861.080352506
2019-04-08_18:26:31 2.1388063853429142E8 9.837666688601585E7 -1.0847542960846595E7
2019-04-10_03:22:12 2.1394043495972538E8 9.847888993294993E7 -1.360867931936691E7
2019-04-11_12:17:53 2.139698406845075E8 9.856712392357072E7 -1.6367882635128327E7
2019-04-12_21:13:34 2.139689435965124E8 9.864139873599757E7 -1.912476798974957E7
2019-04-14_06:09:15 2.1393783496212184E8 9.870174586854792E7 -2.187895308346251E7
2019-04-15_15:04:55 2.1387660937240526E8 9.87481984154535E7 -2.463005824991212E7
2019-04-17_00:00:36 2.13785364689926E8 9.87807910428391E7 -2.7377706470563762E7
2019-04-18_08:56:17 2.136642019962342E8 9.879955996498704E7 -3.0121523387424633E7
2019-04-19_17:51:58 2.13513225539849E8 9.880454292082788E7 -3.286113731615106E7
2019-04-21_02:47:39 2.1333254268512827E8 9.879577915068458E7 -3.559617925320425E7
2019-04-22_11:43:19 2.1312226386112234E8 9.877330937323804E7 -3.8326282891756915E7
2019-04-23_20:39:00 2.1288250251158208E8 9.873717576274486E7 -4.1051084626884826E7
2019-04-25_05:34:41 2.1261337504531285E8 9.868742192651556E7 -4.3770223564679876E7
2019-04-26_14:30:22 2.1231500078720045E8 9.862409288265413E7 -4.648334152972784E7
2019-04-27_23:26:03 2.1198750193001515E8 9.854723503813015E7 -4.91900830712335E7
2019-04-29_08:21:43 2.1163100348690987E8 9.845689616714925E7 -5.189009546870413E7
2019-04-30_17:17:24 2.1124563324472696E8 9.83531253898739E7 -5.458302873664785E7
2019-05-02_02:13:05 2.1083152171810254E8 9.823597315149017E7 -5.72685356286375E7
2019-05-03_11:08:46 2.103888021044227E8 9.81054912016466E7 -5.994627164039492E7
2019-05-04_20:04:27 2.099176102395141E8 9.796173257421309E7 -6.261589501259905E7
2019-05-06_05:00:07 2.0941808455420747E8 9.780475156742142E7 -6.5277066732538365E7
2019-05-07_13:55:48 2.088903660315505E8 9.763460372428803E7 -6.79294505355726E7
2019-05-08_22:51:29 2.0833459816477713E8 9.74513458133676E7 -7.057271290572837E7
2019-05-10_07:47:10 2.0775092691589987E8 9.725503580977589E7 -7.320652307584836E7
2019-05-11_16:42:51 2.0713950067497367E8 9.704573287650478E7 -7.58305530270162E7
2019-05-13_01:38:31 2.0650047021994525E8 9.682349734599033E7 -7.844447748756258E7
2019-05-14_10:34:12 2.058339886768804E8 9.658839070186514E7 -8.10479739324414E7
2019-05-15_19:29:53 2.0514021148206213E8 9.634047556143112E7 -8.36407225774347E7
2019-05-17_04:25:34 2.044192963423521E8 9.607981565756665E7 -8.62224063821728E7
2019-05-18_13:21:15 2.0367140319865695E8 9.580647582180317E7 -8.879271104350787E7
2019-05-19_22:16:55 2.0289669418895668E8 9.552052196731143E7 -9.135132499321091E7
2019-05-21_07:12:36 2.0209533361238998E8 9.522202107233995E7 -9.38979393943938E7
2019-05-22_16:08:17 2.012674878942425E8 9.491104116405815E7 -9.64322481375482E7
2019-05-24_01:03:58 2.004133255516548E8 9.458765130272618E7 -9.895394783668521E7
2019-05-25_09:59:39 1.9953301716026402E8 9.42519215662855E7 -1.0146273782505974E8
2019-05-26_18:55:19 1.9862673532160977E8 9.390392303529625E7 -1.0395832015083365E8
2019-05-28_03:51:00 1.976946546313173E8 9.354372777822536E7 -1.0644039957249492E8
2019-05-29_12:46:41 1.967369516478247E8 9.3171408836983E7 -1.0890868355439104E8
2019-05-30_21:42:22 1.9575380486185363E8 9.278704021278962E7 -1.1136288226168077E8
2019-06-01_06:38:03 1.9474539466622722E8 9.239069685220003E7 -1.1380270855539164E8
2019-06-02_15:33:43 1.9371190332617247E8 9.198245463334072E7 -1.162278779870538E8
2019-06-04_00:29:24 1.9265351495003134E8 9.15623903523244E7 -1.1863810879291901E8
2019-06-05_09:25:05 1.915704154601665E8 9.113058170974843E7 -1.2103312188812408E8
2019-06-06_18:20:46 1.9046279256438023E8 9.06871072974139E7 -1.234126408601263E8
2019-06-08_03:16:27 1.893308357271577E8 9.023204658497994E7 -1.2577639196285734E8
2019-06-09_12:12:07 1.881747361433136E8 8.97654799076009E7 -1.2812410410644965E8
2019-06-10_21:07:48 1.8699468670835695E8 8.928748845226601E7 -1.3045550885452393E8
2019-06-12_06:03:29 1.8579088199322337E8 8.879815424591887E7 -1.32770340413326E8
2019-06-13_14:59:10 1.845635182176557E8 8.829756014306389E7 -1.3506833562488532E8
2019-06-14_23:54:51 1.8331279322499105E8 8.778578981398626E7 -1.373492339588184E8
2019-06-16_08:50:31 1.8203890645740187E8 8.726292773318799E7 -1.3961277750470275E8
2019-06-17_17:46:12 1.8074205893233776E8 8.672905916836657E7 -1.4185871096389577E8
2019-06-19_02:41:53 1.7942245321952784E8 8.618427016965887E7 -1.4408678164190862E8
2019-06-20_11:37:34 1.780802934187866E8 8.562864755925693E7 -1.4629673944089505E8
2019-06-21_20:33:15 1.7671578513886914E8 8.506227892149945E7 -1.4848833685180864E8
2019-06-23_05:28:55 1.7532913547658512E8 8.44852525930948E7 -1.5066132894730964E8
2019-06-24_14:24:36 1.7392055299676138E8 8.389765765372656E7 -1.528154733743098E8
2019-06-25_23:20:17 1.7249024771250212E8 8.329958391680102E7 -1.5495053034685662E8
2019-06-27_08:15:58 1.7103843106609377E8 8.26911219204815E7 -1.5706626263862187E8
2019-06-28_17:11:39 1.6956531590987924E8 8.207236291871521E7 -1.5916243557583904E8
2019-06-30_02:07:19 1.6807111648774564E8 8.144339887252927E7 -1.612388170296937E8
2019-07-01_11:03:00 1.6655604841613784E8 8.080432244112982E7 -1.632951774095884E8
2019-07-02_19:58:41 1.6502032866797948E8 8.015522697423503E7 -1.653312896527533E8
2019-07-04_04:54:22 1.634641755519903E8 7.949620650247692E7 -1.673469292204708E8
2019-07-05_13:50:03 1.6188780869692174E8 7.882735572988299E7 -1.6934187408798543E8
2019-07-06_22:45:43 1.6029144903430307E8 7.81487700257541E7 -1.7131590473717147E8
2019-07-08_07:41:24 1.5867531878182465E8 7.74605454168271E7 -1.7326880414904323E8
2019-07-09_16:37:05 1.5703964142712334E8 7.676277857963148E7 -1.7520035779661146E8
2019-07-11_01:32:46 1.5538464171250278E8 7.605556683327253E7 -1.771103536375748E8
2019-07-12_10:28:27 1.5371054561996454E8 7.533900813237354E7 -1.7899858210765916E8
2019-07-13_19:24:07 1.5201758035683134E8 7.461320106029992E7 -1.8086483611428034E8
2019-07-15_04:19:48 1.503059743419437E8 7.387824482265629E7 -1.8270891103053308E8
2019-07-16_13:15:29 1.4857595719240892E8 7.313423924104615E7 -1.8453060468947828E8
2019-07-17_22:11:10 1.4682775971068582E8 7.238128474699867E7 -1.8632971737884665E8
2019-07-19_07:06:51 1.4506161387213123E8 7.16194823761123E7 -1.8810605183588505E8
2019-07-20_16:02:31 1.432777528127184E8 7.084893376228896E7 -1.8985941324254394E8
2019-07-22_00:58:12 1.4147641081729534E8 7.006974113221267E7 -1.9158960922050574E8
2019-07-23_09:53:53 1.396578233076452E8 6.92820072997522E7 -1.9329644982666373E8
2019-07-24_18:49:34 1.3782222683122128E8 6.848583566066343E7 -1.949797475481816E8
2019-07-26_03:45:15 1.3596985904913306E8 6.768133018697296E7 -1.9663931729840705E8
2019-07-27_12:40:55 1.3410095872758664E8 6.6868595422869936E7 -1.9827497640988895E8
2019-07-28_21:36:36 1.3221576572337271E8 6.604773647801978E7 -1.9988654463295698E8
2019-07-30_06:32:17 1.3031452097581352E8 6.521885902369349E7 -2.014738441288133E8
2019-07-31_15:27:58 1.2839746649587353E8 6.438206928767796E7 -2.0303669946559703E8
2019-08-02_00:23:39 1.2646484535652618E8 6.353747404974625E7 -2.0457493761382708E8
2019-08-03_09:19:19 1.2451690168304963E8 6.268518063711485E7 -2.060883879424722E8
2019-08-04_18:15:00 1.225538806441979E8 6.182529692029886E7 -2.0757688221493372E8
2019-08-06_03:10:41 1.2057602844346216E8 6.095793130902648E7 -2.0904025458561394E8
2019-08-07_12:06:22 1.1858359231077875E8 6.008319274836777E7 -2.1047834159681222E8
2019-08-08_21:02:03 1.1657682049466683E8 5.920119071506883E7 -2.1189098217594263E8
2019-08-10_05:57:43 1.1455596225469369E8 5.831203521404677E7 -2.1327801763313493E8
2019-08-11_14:53:24 1.125212678541503E8 5.741583677499283E7 -2.1463929165924639E8
2019-08-12_23:49:05 1.1047298855302963E8 5.651270644912235E7 -2.1597465032418177E8
2019-08-14_08:44:46 1.0841137660127713E8 5.5602755806056656E7 -2.1728394207550097E8
2019-08-15_17:40:27 1.0633668523208438E8 5.468609693073601E7 -2.1856701773742035E8
2019-08-17_02:36:07 1.0424916865559933E8 5.376284242052603E7 -2.1982373050997233E8
2019-08-18_11:31:48 1.0214908205250002E8 5.283310538227619E7 -2.210539359686493E8
2019-08-19_20:27:29 1.0003668156735717E8 5.189699942929251E7 -2.2225749206457645E8
2019-08-21_05:23:10 9.79122243053071E7 5.0954638679792985E7 -2.2343425912326342E8
2019-08-22_14:18:51 9.577596832230051E7 5.0006137752523094E7 -2.245840998474895E8
2019-08-23_23:14:31 9.362817262194943E7 4.905161176531399E7 -2.2570687931690478E8
2019-08-25_08:10:12 9.146909714952861E7 4.8091176332389064E7 -2.268024649898181E8
2019-08-26_17:05:53 8.929900278667833E7 4.712494756199538E7 -2.2787072670510262E8
2019-08-28_02:01:34 8.711815134596138E7 4.615304205398664E7 -2.2891153668467894E8
2019-08-29_10:57:15 8.492680556589828E7 4.517557689762578E7 -2.2992476953622028E8
2019-08-30_19:52:55 8.272522910574614E7 4.41926696692876E7 -2.3091030225638708E8
2019-09-01_04:48:36 8.051368654057659E7 4.320443843029939E7 -2.3186801423425594E8
2019-09-02_13:44:17 7.829244335631917E7 4.221100172477329E7 -2.327977872550307E8
2019-09-03_22:39:58 7.606176594463561E7 4.1212478577369146E7 -2.3369950550401434E8
2019-09-05_07:35:39 7.382192159794162E7 4.0208988491124004E7 -2.3457305557065257E8
2019-09-06_16:31:19 7.157317850467591E7 3.92006514453905E7 -2.354183264525887E8
2019-09-08_01:27:00 6.93158057441315E7 3.8187587893586926E7 -2.36235209559995E8
2019-09-09_10:22:41 6.705007328163156E7 3.716991876109967E7 -2.3702359871989757E8
2019-09-10_19:18:22 6.477625196386039E7 3.61477654432569E7 -2.377833901806322E8
2019-09-12_04:14:03 6.2494613514072E7 3.512124980325675E7 -2.385144826166159E8
2019-09-13_13:09:43 6.020543052672107E7 3.409049416984173E7 -2.3921677713363853E8
2019-09-14_22:05:24 5.7908976466229014E7 3.3055621336844455E7 -2.3989017727336326E8
2019-09-16_07:01:05 5.560552565812973E7 3.2016754559315257E7 -2.4053458902070487E8
2019-09-17_15:56:46 5.32953532880038E7 3.0974017553174026E7 -2.41149920809452E8
2019-09-19_00:52:27 5.097873539678023E7 2.992753449324182E7 -2.4173608352968404E8
2019-09-20_09:48:07 4.865594887704203E7 2.8877430011739694E7 -2.422929905355949E8
2019-09-21_18:43:48 4.632727146915555E7 2.782382919672992E7 -2.4282055765402985E8
2019-09-23_03:39:29 4.3992981757639505E7 2.676685759067668E7 -2.433187031935839E8
2019-09-24_12:35:10 4.1653359167535655E7 2.5706641189022098E7 -2.4378734795424163E8
2019-09-25_21:30:51 3.930868396055526E7 2.4643306438674577E7 -2.4422641523750708E8
2019-09-27_06:26:31 3.6959237231557965E7 2.3576980236649986E7 -2.4463583085680917E8
2019-09-28_15:22:12 3.460530090432341E7 2.250778992840942E7 -2.4501552314829773E8
2019-09-30_00:17:53 3.2247157727755845E7 2.143586330638873E7 -2.4536542298171473E8
2019-10-01_09:13:34 2.9885091271908347E7 2.036132860845028E7 -2.4568546377143785E8
2019-10-02_18:09:15 2.7519385923424568E7 1.9284314516084462E7 -2.4597558148772788E8
2019-10-04_03:04:55 2.5150326881347E7 1.8204950152772553E7 -2.4623571466805086E8
2019-10-05_12:00:36 2.2778200152726736E7 1.712336508226802E7 -2.4646580442863312E8
2019-10-06_20:56:17 2.040329254798501E7 1.6039689306778723E7 -2.4666579447633648E8
2019-10-08_05:51:58 1.8025891675467473E7 1.4954053264789613E7 -2.4683563112096715E8
2019-10-09_14:47:39 1.5646285939833308E7 1.3866587830656618E7 -2.4697526328783634E8
2019-10-10_23:43:19 1.3264764532574417E7 1.2777424310617838E7 -2.4708464253145406E8
2019-10-12_08:39:00 1.0881617430000335E7 1.168669444224491E7 -2.4716372304937315E8
2019-10-13_17:34:41 8497135.387390664 1.059453039216005E7 -2.4721246169702697E8
2019-10-15_02:30:22 6111609.933690006 9501064.754024204 -2.4723081800326112E8
2019-10-16_11:26:03 3725333.365835318 8406430.546383796 -2.472187541865784E8
2019-10-17_20:21:43 1338598.7432710456 7310761.210611922 -2.4717623517201823E8
2019-10-19_05:17:24 -1048300.1185310622 6214190.60843059 -2.471032286086111E8
2019-10-20_14:13:05 -3435068.653849216 5116853.019744527 -2.4699970488725948E8
2019-10-21_23:08:46 -5821411.553633331 4018883.139984172 -2.4686563715896142E8
2019-10-23_08:04:27 -8207032.772236563 2920416.0775308716 -2.467010013532499E8
2019-10-24_17:00:07 -1.0591635534310382E7 1821587.3510720015 -2.465057761967875E8
2019-10-26_01:55:48 -1.2974922342397591E7 722532.8866493807 -2.4627994323203072E8
2019-10-27_10:51:29 -1.5356594984077303E7 -376610.98509886855 -2.460234868359972E8
2019-10-28_19:47:10 -1.7736354539890844E7 -1475707.5320390835 -2.4573639423911104E8
2019-10-30_04:42:51 -2.0113901391172353E7 -2574619.6236002897 -2.4541865554421124E8
2019-10-31_13:38:31 -2.2488935228256125E7 -3673209.7339954637 -2.4507026374579468E8
2019-11-01_22:34:12 -2.4861155059148367E7 -4771339.945663438 -2.4469121474951938E8
2019-11-03_07:29:53 -2.723025921535167E7 -5868871.9513526745 -2.4428150739273763E8
2019-11-04_16:25:34 -2.9595945364755694E7 -6965667.059495741 -2.438411434644122E8
2019-11-06_01:21:15 -3.195791051799592E7 -8061586.196509068 -2.4337012772681522E8
2019-11-07_10:16:55 -3.431585103832174E7 -9156489.910720317 -2.4286846793738934E8
2019-11-08_19:12:36 -3.666946265105593E7 -1.0250238376087863E7 -2.423361748714594E8
2019-11-10_04:08:17 -3.9018440453989334E7 -1.1342691396316279E7 -2.4177326234557295E8
2019-11-11_13:03:58 -4.136247892756023E7 -1.2433708408874579E7 -2.4117974724161148E8
2019-11-12_21:59:39 -4.370127194590849E7 -1.3523148489387989E7 -2.4055564953145042E8
2019-11-14_06:55:19 -4.603451278828623E7 -1.461087035618505E7 -2.3990099230216947E8
2019-11-15_15:51:00 -4.83618941508386E7 -1.5696732375004517E7 -2.392158017817425E8
2019-11-17_00:46:41 -5.068310815902318E7 -1.6780592563984703E7 -2.3850010736508417E8
2019-11-18_09:42:22 -5.299784638047333E7 -1.7862308598848056E7 -2.3775394164043674E8
2019-11-19_18:38:03 -5.530579983843921E7 -1.894173781834383E7 -2.369773404160113E8
2019-11-21_03:33:43 -5.760665902565334E7 -2.001873722988047E7 -2.3617034274692672E8
2019-11-22_12:29:24 -5.9900113918764256E7 -2.109316351541185E7 -2.3533299096239573E8
2019-11-23_21:25:05 -6.218585399340855E7 -2.216487303760541E7 -2.3446533069318235E8
2019-11-25_06:20:46 -6.4463568239750534E7 -2.3233721846220065E7 -2.3356741089938435E8
2019-11-26_15:16:27 -6.673294517924466E7 -2.429956568504705E7 -2.3263928389830115E8
2019-11-28_00:12:07 -6.899367287877145E7 -2.536225999757824E7 -2.3168100539406607E8
2019-11-29_09:07:48 -7.124543897213908E7 -2.6421659936150864E7 -2.3069263450482577E8
2019-11-30_18:03:29 -7.348793067561632E7 -2.7477620368232705E7 -2.2967423379309428E8
2019-12-02_02:59:10 -7.57208348069314E7 -2.8529995884355098E7 -2.286258692952954E8
2019-12-03_11:54:51 -7.794383780521616E7 -2.9578640806435306E7 -2.2754761055158168E8
2019-12-04_20:50:31 -8.015662575064749E7 -3.06234091959754E7 -2.2643953063634157E8
2019-12-06_05:46:12 -8.235888438565546E7 -3.166415486295247E7 -2.253017061885994E8
2019-12-07_14:41:53 -8.455029913614562E7 -3.270073137472359E7 -2.241342174428906E8
2019-12-08_23:37:34 -8.673055513343596E7 -3.3732992065254144E7 -2.2293714826029742E8
2019-12-10_08:33:15 -8.889933723740327E7 -3.476079004488258E7 -2.2171058615937313E8
2019-12-11_17:28:55 -9.105633005961087E7 -3.578397821009059E7 -2.2045462234749788E8
2019-12-13_02:24:36 -9.320121798734029E7 -3.680240925367714E7 -2.191693517522786E8
2019-12-14_11:20:17 -9.533368520839806E7 -3.7815935675282285E7 -2.1785487305307305E8
2019-12-15_20:15:58 -9.745341573640078E7 -3.882440979213011E7 -2.1651128871284595E8
2019-12-17_05:11:39 -9.956009343707308E7 -3.982768375022353E7 -2.151387050101406E8
2019-12-18_14:07:19 -1.016534020549836E8 -4.0825609535739765E7 -2.1373723207155603E8
2019-12-19_23:03:00 -1.0373302524206273E8 -4.181803898724213E7 -2.1230698390394396E8
2019-12-21_07:58:41 -1.0579864658332026E8 -4.280482380653624E7 -2.1084807842949438E8
2019-12-22_16:54:22 -1.078499496306412E8 -4.3785815573349304E7 -2.0936063751627612E8
2019-12-24_01:50:03 -1.0988661793042912E8 -4.476086575704982E7 -2.0784478701396546E8
2019-12-25_10:45:43 -1.1190833505544895E8 -4.5729825730357744E7 -2.063006567876492E8
2019-12-26_19:41:24 -1.1391478463761327E8 -4.6692546783451766E7 -2.0472838075190583E8
2019-12-28_04:37:05 -1.1590565040084162E8 -4.764888013812743E7 -2.0312809690560856E8
2019-12-29_13:32:46 -1.1788061619570185E8 -4.8598676962750964E7 -2.0149994736624438E8
2019-12-30_22:28:27 -1.1983936603451368E8 -4.954178838743607E7 -1.9984407840453914E8
2020-01-01_07:24:07 -1.2178158412722407E8 -5.047806551958103E7 -1.9816064047910824E8
2020-01-02_16:19:48 -1.2370695491899145E8 -5.140735946017115E7 -1.9644978827043018E8
2020-01-04_01:15:29 -1.256151631276539E8 -5.232952132005795E7 -1.947116807153952E8
2020-01-05_10:11:10 -1.2750589378314708E8 -5.324440223711036E7 -1.9294648104098338E8
2020-01-06_19:06:51 -1.2937883226699926E8 -5.415185339342489E7 -1.9115435679846975E8
2020-01-08_04:02:31 -1.3123366435373284E8 -5.505172603339035E7 -1.893354798968621E8
2020-01-09_12:58:12 -1.330700762525039E8 -5.5943871481882215E7 -1.874900266369472E8
2020-01-10_21:53:53 -1.3488775465069446E8 -5.682814116333174E7 -1.8561817774468505E8
2020-01-12_06:49:34 -1.3668638675810435E8 -5.770438662108289E7 -1.837201184051179E8
2020-01-13_15:45:15 -1.3846566035350016E8 -5.857245953783448E7 -1.8179603829525492E8
2020-01-15_00:40:55 -1.4022526382917514E8 -5.943221175508754E7 -1.7984613162048975E8
2020-01-16_09:36:36 -1.419648862430838E8 -6.028349529623747E7 -1.7787059714428738E8
2020-01-17_18:32:17 -1.43684217366266E8 -6.112616238733275E7 -1.7586963822429466E8
2020-01-19_03:27:58 -1.4538294773439312E8 -6.1960065479821876E7 -1.7384346284525338E8
2020-01-20_12:23:39 -1.4706076870062402E8 -6.278505727387652E7 -1.717922836516611E8
2020-01-21_21:19:19 -1.4871737248907542E8 -6.360099074202169E7 -1.6971631798063886E8
2020-01-23_06:15:00 -1.5035245224980184E8 -6.440771915346546E7 -1.676157878939729E8
2020-01-24_15:10:41 -1.5196570211492303E8 -6.5205096098970495E7 -1.6549092020951918E8
2020-01-26_00:06:22 -1.5355681725571832E8 -6.5992975516191185E7 -1.6334194653204387E8
2020-01-27_09:02:03 -1.5512549394080248E8 -6.677121171552516E7 -1.611691032833155E8
2020-01-28_17:57:43 -1.5667142959542704E8 -6.753965940650053E7 -1.589726317313317E8
2020-01-30_02:53:24 -1.5819432286173847E8 -6.82981737246248E7 -1.5675277801891965E8
2020-01-31_11:49:05 -1.6908896251401705E8 -7.377904285470116E7 -1.389271825440031E8
