#time X Y Z
2018-09-20_11:20:17 -4.3418757387828665E9 -1.8499397234263978E9 1.6658707532413757E9
2019-03-20_14:13:05 -4.3216346111762495E9 -1.8682194553677812E9 1.7482310455157623E9
2019-09-17_17:05:53 -4.300290003134821E9 -1.8860211744838462E9 1.8301561547794986E9
2020-03-16_19:58:41 -4.277858078544333E9 -1.9033453674279637E9 1.911630137766935E9
2020-09-13_22:51:29 -4.254355074394925E9 -1.920192690737752E9 1.992637444429732E9
2021-03-14_01:44:17 -4.2297972927438374E9 -1.9365639649170105E9 2.0731629165770094E9
2021-09-11_04:37:05 -4.2042010925352473E9 -1.9524601684038584E9 2.1531917872018304E9
2022-03-11_07:29:53 -4.1775828812051764E9 -1.9678824314277835E9 2.232709680402804E9
2022-09-08_10:22:41 -4.1499591060110946E9 -1.9828320297630954E9 2.3117026118069534E9
2023-03-08_13:15:29 -4.1213462450429783E9 -1.9973103783883238E9 2.3901569893844976E9
2023-09-05_16:08:17 -4.091760797885563E9 -2.0113190250655062E9 2.4680596145464735E9
2024-03-04_19:01:05 -4.0612192759189696E9 -2.0248596438555481E9 2.5453976834058366E9
2024-09-01_21:53:53 -4.029738192256629E9 -2.0379340285900683E9 2.6221587880896153E9
2025-03-02_00:46:41 -3.9973340513373427E9 -2.0505440863216357E9 2.698330917981312E9
2025-08-30_03:39:29 -3.96402333819965E9 -2.0626918307777503E9 2.773902460781807E9
2026-02-27_06:32:17 -3.9298225074824038E9 -2.0743793758449857E9 2.848862203275048E9
2026-08-27_09:25:05 -3.894747972204619E9 -2.0856089291127398E9 2.9231993316980677E9
2027-02-24_12:17:53 -3.858816092391642E9 -2.0963827855059693E9 2.99690343161525E9
2027-08-24_15:10:41 -3.822043163621881E9 -2.106703321038006E9 3.0699644872114778E9
2028-02-21_18:03:29 -3.784445405579456E9 -2.1165729867142951E9 3.142372879923238E9
2028-08-20_20:56:17 -3.7460389507011156E9 -2.1259943026184425E9 3.2141193863454185E9
2029-02-17_23:49:05 -3.706839833014196E9 -2.1349698522106535E9 3.2851951753571057E9
2029-08-18_02:41:53 -3.6668639772639074E9 -2.1435022768679392E9 3.3555918044261427E9
2030-02-15_05:34:41 -3.6261271884297314E9 -2.1515942706940145E9 3.4253012150660014E9
2030-08-15_08:27:29 -3.584645141732687E9 -2.15924857562431E9 3.4943157274281774E9
2031-02-12_11:20:17 -3.542433373229637E9 -2.166467976849897E9 3.562628034033869E9
2031-08-12_14:13:05 -3.499507271091124E9 -2.173255298580572E9 3.630231192655347E9
2032-02-09_17:05:53 -3.455882067650987E9 -2.1796134001648455E9 3.6971186183761067E9
2032-08-08_19:58:41 -3.4115728323125334E9 -2.185545172580516E9 3.763284074866308E9
2033-02-05_22:51:29 -3.3665944653837113E9 -2.1910535353066654E9 3.8287216649287696E9
2033-08-06_01:44:17 -3.320961692908715E9 -2.196141433583231E9 3.893425820374978E9
2034-02-03_04:37:05 -3.2746890625492244E9 -2.2008118360609016E9 3.9573912913064013E9
2034-08-03_07:29:53 -3.227790940560813E9 -2.205067732839519E9 4.0206131348797135E9
2035-01-31_10:22:41 -3.1802815098927927E9 -2.208912133889557E9 4.083086703649123E9
2035-07-31_13:15:29 -3.1321747694317455E9 -2.212348067846719E9 4.1448076335784903E9
2036-01-28_16:08:17 -3.083484534391436E9 -2.21537858116594E9 4.2057718318263164E9
2036-07-27_19:01:05 -3.0342244378420677E9 -2.218006737617062E9 4.2659754644049983E9
2037-01-24_21:53:53 -2.984407933353343E9 -2.220235618101053E9 4.32541494382364E9
2037-07-25_00:46:41 -2.934048298716494E9 -2.222068320761883E9 4.38408691681856E9
2038-01-22_03:39:29 -2.883158640693784E9 -2.2235079613663826E9 4.441988252278657E9
2038-07-22_06:32:17 -2.8317519007343197E9 -2.224557673921285E9 4.499116029466327E9
2039-01-19_09:25:05 -2.779840861578477E9 -2.2252206114946756E9 4.555467526635777E9
2039-07-19_12:17:53 -2.727438154666123E9 -2.225499947206552E9 4.611040210140069E9
2040-01-16_15:10:41 -2.6745562682500415E9 -2.2253988753521633E9 4.665831724115617E9
2040-07-15_18:03:29 -2.621207556110152E9 -2.224920612620265E9 4.719839880821181E9
2041-01-12_20:56:17 -2.567404246751174E9 -2.224068399368014E9 4.773062651704785E9
2041-07-12_23:49:05 -2.513158452964617E9 -2.2228455009139833E9 4.825498159256964E9
2042-01-10_02:41:53 -2.4584821816277213E9 -2.2212552088111763E9 4.877144669701425E9
2042-07-10_05:34:41 -2.4033873436083894E9 -2.2193008420625887E9 4.928000586562748E9
2043-01-07_08:27:29 -2.3478857636456137E9 -2.2169857482432814E9 4.978064445136502E9
2043-07-07_11:20:17 -2.291989190069611E9 -2.2143133044945307E9 5.027334907879855E9
2044-01-04_14:13:05 -2.235709304231929E9 -2.211286918357931E9 5.075810760723618E9
2044-07-03_17:05:53 -2.1790577295142198E9 -2.2079100284195967E9 5.123490910298596E9
2044-12-31_19:58:41 -2.122046039793372E9 -2.2041861047380276E9 5.170374382052977E9
2045-06-30_22:51:29 -2.0646857672404282E9 -2.2001186490318494E9 5.216460319230817E9
2045-12-29_01:44:17 -2.0069884093440905E9 -2.1957111946078105E9 5.261747982665655E9
2046-06-28_04:37:05 -1.9489654350535805E9 -2.1909673060127063E9 5.306236751336272E9
2046-12-26_07:29:53 -1.8906282899502773E9 -2.185890578397434E9 5.349926123618436E9
2047-06-25_10:22:41 -1.8319884003631752E9 -2.180484636584959E9 5.392815719161596E9
2047-12-23_13:15:29 -1.7730571763609262E9 -2.1747531338388033E9 5.434905281307572E9
2048-06-21_16:08:17 -1.7138460135621624E9 -2.168699750332427E9 5.47619467996449E9
2048-12-19_19:01:05 -1.654366293724256E9 -2.1623281913248034E9 5.516683914840416E9
2049-06-18_21:53:53 -1.5946293840793695E9 -2.155642185050936E9 5.556373118940945E9
2049-12-17_00:46:41 -1.534646635407543E9 -2.148645480340847E9 5.595262562227687E9
2050-06-16_03:39:29 -1.4744293788471344E9 -2.1413418439839969E9 5.633352655336237E9
2050-12-14_06:32:17 -1.4139889214630978E9 -2.1337350578603406E9 5.670643953248655E9
2051-06-13_09:25:05 -1.3533365406023343E9 -2.1258289158617928E9 5.707137158820656E9
2051-12-11_12:17:53 -1.2924834770870447E9 -2.117627220631966E9 5.742833126061965E9
2052-06-09_15:10:41 -1.2314409273059988E9 -2.109133780153982E9 5.777732863075319E9
2052-12-07_18:03:29 -1.170220034282404E9 -2.100352404219121E9 5.81183753456175E9
2053-06-06_20:56:17 -1.1088318778043044E9 -2.0912869008103914E9 5.845148463809389E9
2053-12-04_23:49:05 -1.0472874637209246E9 -2.081941072437078E9 5.877667134087189E9
2054-06-04_02:41:53 -9.855977125160553E8 -2.0723187124570997E9 5.909395189375387E9
2054-12-02_05:34:41 -9.237734472794986E8 -2.0624236014243014E9 5.9403344343734E9
2055-06-01_08:27:29 -8.618253812089808E8 -2.052259503498581E9 5.970486833734738E9
2055-11-29_11:20:17 -7.997641047759342E8 -2.041830162954913E9 5.99985451049185E9
2056-05-28_14:13:05 -7.376000727004607E8 -2.031139300827923E9 6.0284397436422E9
2056-11-25_17:05:53 -6.753435908790438E8 -2.0201906117258055E9 6.05624496488077E9
2057-05-25_19:58:41 -6.130048034159635E8 -2.0089877608466947E9 6.083272754473787E9
2057-11-22_22:51:29 -5.505936799037101E8 -1.9975343812270398E9 6.10952583628306E9
2058-05-23_01:44:17 -4.8812000310213244E8 -1.9858340712497814E9 6.135007071959376E9
2058-11-20_04:37:05 -4.2559335715887445E8 -1.9738903924361877E9 6.159719454336876E9
2059-05-20_07:29:53 -3.630231165137446E8 -1.9617068675427897E9 6.183666100069549E9
2059-11-17_10:22:41 -3.004184356171591E8 -1.9492869789795282E9 6.206850241563869E9
2060-05-16_13:15:29 -2.3778823959178996E8 -1.9366341675629058E9 6.229275218269071E9
2060-11-13_16:08:17 -1.7514121595237917E8 -1.9237518316124454E9 6.250944467397314E9
2061-05-13_19:01:05 -1.1248580749336769E8 -1.9106433263956816E9 6.271861514152521E9
2061-11-10_21:53:53 -4.983020643581812E7 -1.8973119639209569E9 6.292029961555762E9
2062-05-11_00:46:41 1.2817650080332667E7 -1.883761013074718E9 6.31145347995896E9
2062-11-08_03:39:29 7.545008309250657E7 -1.86999370009387E9 6.330135796345081E9
2063-05-08_06:32:17 1.3805967344210875E8 -1.8560132093613055E9 6.348080683515044E9
2063-11-05_09:25:05 2.0063926189546672E8 -1.841822684506748E9 6.365291949265709E9
2064-05-04_12:17:53 2.63181947731974E8 -1.8274252297927132E9 6.381773425662446E9
2064-11-01_15:10:41 3.256810857927737E8 -1.8128239117606916E9 6.397528958510896E9
2065-05-01_18:03:29 3.881302819946005E8 -1.7980217611103086E9 6.412562397129593E9
2065-10-29_20:56:17 4.5052338733492124E8 -1.7830217747800155E9 6.426877584523825E9
2066-04-28_23:49:05 5.128544904246697E8 -1.7678269181963694E9 6.440478348055553E9
2066-10-27_02:41:53 5.751179086027985E8 -1.7524401276563923E9 6.453368490699729E9
2067-04-26_05:34:41 6.373081777023212E8 -1.736864312805278E9 6.4655517829708395E9
2067-10-24_08:27:29 6.99420040547153E8 -1.7211023591718862E9 6.477031955595675E9
2068-04-22_11:20:17 7.614484342788886E8 -1.7051571307217867E9 6.487812693000832E9
2068-10-20_14:13:05 8.233884766182919E8 -1.689031472389133E9 6.497897627673322E9
2069-04-19_17:05:53 8.852354511819006E8 -1.672728212547818E9 6.507290335443566E9
2069-10-17_19:58:41 9.469847919798332E8 -1.6562501653840888E9 6.515994331728752E9
2070-04-16_22:51:29 1.00863206723462E9 -1.6396001331328716E9 6.524013068764547E9
2070-10-15_01:44:17 1.0701729626627123E9 -1.6227809081431935E9 6.531349933840928E9
2071-04-14_04:37:05 1.1316032643698907E9 -1.6057952747393012E9 6.538008248546927E9
2071-10-12_07:29:53 1.1929188415120008E9 -1.5886460108478923E9 6.543991269017061E9
2072-04-10_10:22:41 1.2541156288801754E9 -1.57133588936359E9 6.549302187161209E9
2072-10-08_13:15:29 1.3151896095652516E9 -1.5538676792297778E9 6.553944132847697E9
2073-04-07_16:08:17 1.3761367978597326E9 -1.5362441462146604E9 6.557920176998835E9
2073-10-05_19:01:05 1.4369532225486324E9 -1.518468053367865E9 6.561233335547068E9
2074-04-04_21:53:53 1.4976349107432408E9 -1.5005421611455028E9 6.563886574190409E9
2074-10-03_00:46:41 1.5581778723997483E9 -1.4824692271981506E9 6.565882813875979E9
2075-04-02_03:39:29 1.6185780856628773E9 -1.4642520058195815E9 6.567224936932298E9
2075-09-30_06:32:17 1.6788314831618123E9 -1.4458932470602298E9 6.567915793763075E9
2076-03-29_09:25:05 1.738933939382029E9 -1.4273956955125453E9 6.567958210008809E9
2076-09-26_12:17:53 1.7988812592196898E9 -1.4087620887821207E9 6.567354994076793E9
2077-03-26_15:10:41 1.8586691678182542E9 -1.3899951556617715E9 6.566108944935735E9
2077-09-23_18:03:29 1.9182933017694628E9 -1.3710976140317585E9 6.564222860067948E9
2078-03-23_20:56:17 1.9777492017527995E9 -1.3520721685120618E9 6.5616995434701805E9
2078-09-20_23:49:05 2.037032306667607E9 -1.3329215078984E9 6.558541813593239E9
2079-03-21_02:41:53 2.0961379493001907E9 -1.3136483024166236E9 6.554752511111401E9
2079-09-18_05:34:41 2.155061353552788E9 -1.2942552008334913E9 6.55033450641423E9
2080-03-17_08:27:29 2.2137976332426624E9 -1.2747448274659095E9 6.54529070671695E9
2080-09-14_11:20:17 2.2723417924691677E9 -1.2551197791315293E9 6.539624062689429E9
2081-03-14_14:13:05 2.33068872752557E9 -1.2353826220873983E9 6.5333375745100355E9
2081-09-11_17:05:53 2.3888332303210692E9 -1.2155358890036318E9 6.526434297256992E9
2082-03-11_19:58:41 2.4467699932600007E9 -1.1955820760211046E9 6.518917345558184E9
2082-09-08_22:51:29 2.504493615514864E9 -1.175523639941217E9 6.51078989742879E9
2083-03-09_01:44:17 2.5619986106126723E9 -1.1553629955966341E9 6.502055197236411E9
2083-09-06_04:37:05 2.6192794152436113E9 -1.1351025134503386E9 6.492716557743637E9
2084-03-05_07:29:53 2.6763303991863303E9 -1.1147445174697068E9 6.482777361189762E9
2084-09-02_10:22:41 2.7331458762385254E9 -1.0942912833185637E9 6.472241059384577E9
2085-03-02_13:15:29 2.7897201160262637E9 -1.073745036909373E9 6.461111172800215E9
2085-08-30_16:08:17 2.8460473565623217E9 -1.0531079533527565E9 6.449391288658898E9
2086-02-27_19:01:05 2.9021218174124165E9 -1.0323821563392252E9 6.437085058027999E9
2086-08-27_21:53:53 2.9579377133283315E9 -1.0115697179818313E9 6.424196191945458E9
2087-02-25_00:46:41 3.013489268198404E9 -9.906726591451957E8 6.41072845661212E9
2087-08-25_03:39:29 3.068770729167167E9 -9.696929502798797E8 6.396685667698966E9
2088-02-22_06:32:17 3.1237763807719502E9 -9.486325127765815E8 6.382071683829771E9
2088-08-21_09:25:05 3.178500558949821E9 -9.274932208469973E8 6.366890399309752E9
2089-02-18_12:17:53 3.2329376647663603E9 -9.062769039335068E8 6.351145736182008E9
2089-08-18_15:10:41 3.2870821777248588E9 -8.84985349642319E8 6.334841635702488E9
2090-02-15_18:03:29 3.3409286685173182E9 -8.636203071891438E8 6.317982049333143E9
2090-08-15_20:56:17 3.3944718110893655E9 -8.421834913384202E8 6.300570929359282E9
2091-02-12_23:49:05 3.447706393895407E9 -8.20676586812088E8 6.282612219244336E9
2091-08-13_02:41:53 3.5006273302321773E9 -7.991012531365483E8 6.264109843839251E9
2092-02-10_05:34:41 3.553229667549343E9 -7.774591298901643E8 6.245067699567098E9
2092-08-09_08:27:29 3.605508595644895E9 -7.557518423086916E8 6.225489644706405E9
2093-02-06_11:20:17 3.6574594536695666E9 -7.339810071987101E8 6.205379489895585E9
2093-08-06_14:13:05 3.70907773587361E9 -7.121482391055198E8 6.184740988981344E9
2094-02-03_17:05:53 3.760359096045603E9 -6.9025515667613E8 6.163577830330534E9
2094-08-03_19:58:41 3.8112993506043606E9 -6.68303389154932E8 6.141893628721939E9
2095-01-31_22:51:29 3.861894480323066E9 -6.462945829445006E8 6.119691917927779E9
2095-08-01_01:44:17 3.912140630675511E9 -6.242304081626291E8 6.0969761440892935E9
2096-01-29_04:37:05 3.962034110811243E9 -6.02112565123447E8 6.073749659981913E9
2096-07-28_07:29:53 4.0115713911782913E9 -5.799427906701007E8 6.050015720257183E9
2097-01-25_10:22:41 4.060749099829408E9 -5.577228642842519E8 6.025777477736827E9
2097-07-25_13:15:29 4.109564017457694E9 -5.3545461389947915E8 6.00103798082453E9
2098-01-22_16:08:17 4.158013071223207E9 -5.1313992134518087E8 5.975800172087438E9
2098-07-22_19:01:05 4.206093327440701E9 -4.907807273511127E8 5.95006688804817E9
2099-01-19_21:53:53 4.2538019832151127E9 -4.6837903604285836E8 5.923840860211955E9
2099-07-20_00:46:41 4.3011363571164465E9 -4.459369188643386E8 5.897124717342114E9
2100-01-17_03:39:29 4.348093878998589E9 -4.234565178660377E8 5.869920988981007E9
2100-07-17_06:32:17 4.394672079072186E9 -4.009400483037634E8 5.842232110200343E9
2101-01-14_09:25:05 4.440868576351242E9 -3.7838980049708873E8 5.81406042754917E9
2101-07-14_12:17:53 4.486681066596279E9 -3.5580814090426904E8 5.785408206154671E9
2102-01-11_15:10:41 4.532107309883398E9 -3.331975123762226E8 5.756277637916033E9
2102-07-11_18:03:29 4.577145117928419E9 -3.105604335612515E8 5.726670850720141E9
2103-01-08_20:56:17 4.621792341301483E9 -2.8789949743784857E8 5.696589918592322E9
2103-07-08_23:49:05 4.666046856663226E9 -2.6521736896363539E8 5.666036872686172E9
2104-01-06_02:41:53 4.709906554154878E9 -2.4251678183588657E8 5.63501371300431E9
2104-07-05_05:34:41 4.75336932507208E9 -2.1980053436817044E8 5.603522420731734E9
2105-01-02_08:27:29 4.796433049946342E9 -1.9707148449779376E8 5.571564971056433E9
2105-07-02_11:20:17 4.839095587156028E9 -1.743325439462585E8 5.539143346342229E9
2105-12-30_14:13:05 4.881354762179427E9 -1.5158667156573936E8 5.506259549514983E9
2106-06-29_17:05:53 4.923208357597048E9 -1.288368659124926E8 5.472915617517209E9
2106-12-27_19:58:41 4.964654103939224E9 -1.0608615709826085E8 5.439113634685098E9
2107-06-26_22:51:29 5.005689671468689E9 -8.333759797757033E7 5.404855745898026E9
2107-12-25_01:44:17 5.046312662974374E9 -6.059425473851683E7 5.370144169353074E9
2108-06-23_04:37:05 5.086520607643246E9 -3.785919697135227E7 5.334981208817594E9
2108-12-21_07:29:53 5.126310956062885E9 -1.5135487297373172E7 5.299369265217968E9
2109-06-20_10:22:41 5.165681076398572E9 7573829.354823146 5.263310847424963E9
2109-12-18_13:15:29 5.204628251771711E9 3.0265736730772458E7 5.226808582106069E9
2110-06-17_16:08:17 5.243149678856729E9 5.293725839129842E7 5.189865222520427E9
2110-12-15_19:01:05 5.281242467696917E9 7.55854689095272E7 5.152483656144692E9
2111-06-14_21:53:53 5.318903642730543E9 9.820750501908582E7 5.114666911025318E9
2111-12-13_00:46:41 5.356130145001319E9 1.2080057660442366E8 5.076418160768866E9
2112-06-11_03:39:29 5.392918835518103E9 1.4336197742496073E8 5.037740728092068E9
2112-12-09_06:32:17 5.429266499712728E9 1.658890954628391E8 4.998638086871219E9
2113-06-08_09:25:05 5.465169852937601E9 1.8837942278744864E8 4.959113862641405E9
2113-12-06_12:17:53 5.500625546928986E9 2.10830564829542E8 4.919171831516755E9
2114-06-05_15:10:41 5.535630177155777E9 2.3324024896306738E8 4.87881591751528E9
2114-12-03_18:03:29 5.570180290960519E9 2.5560633229501534E8 4.838050188292928E9
2115-06-02_20:56:17 5.604272396394937E9 2.7792680857120353E8 4.796878849304497E9
2115-11-30_23:49:05 5.637902971642247E9 3.0019981411022145E8 4.755306236429613E9
2116-05-30_02:41:53 5.6710684749139385E9 3.224236326860941E8 4.713336807117522E9
2116-11-27_05:34:41 5.7037653547044E9 3.44596699288518E8 4.670975130120851E9
2117-05-27_08:27:29 5.735990060281616E9 3.667176026973047E8 4.628225873907124E9
2117-11-24_11:20:17 5.767739052293366E9 3.88785086819694E8 4.5850937938482685E9
2118-05-24_14:13:05 5.799008813364537E9 4.1079805074739826E8 4.541583718307269E9
2118-11-21_17:05:53 5.829795858564331E9 4.327555475031308E8 4.497700533751666E9
2119-05-21_19:58:41 5.860096745622286E9 4.54656781456337E8 4.453449169038802E9
2119-11-18_22:51:29 5.889908084777811E9 4.765011044017319E8 4.40883457902558E9
2120-05-18_01:44:17 5.91922654815069E9 4.982880103047982E8 4.363861727668062E9
2120-11-15_04:37:05 5.948048878527091E9 5.2001712873198557E8 4.318535570782375E9
2121-05-15_07:29:53 5.976371897461599E9 5.416882169945881E8 4.2728610386469693E9
2121-11-12_10:22:41 6.004192512606124E9 5.633011510495664E8 4.2268430186269345E9
2122-05-12_13:15:29 6.031507724182889E9 5.848559152106158E8 4.1804863380083804E9
2122-11-09_16:08:17 6.058314630531128E9 6.06352590736405E8 4.1337957472276864E9
2123-05-09_19:01:05 6.084610432665337E9 6.277913433725766E8 4.086775903683354E9
2123-11-06_21:53:53 6.110392437797345E9 6.491724099371464E8 4.0394313563098283E9
2124-05-06_00:46:41 6.135658061782816E9 6.704960840468026E8 3.9917665310932508E9
2124-11-03_03:39:29 6.160404830467771E9 6.917627010928594E8 3.9437857176975465E9
2125-05-03_06:32:17 6.184630379920376E9 7.129726225823497E8 3.895493057364714E9
2125-10-31_09:25:05 6.208332455548525E9 7.34126219969418E8 3.8468925322376437E9
2126-04-30_12:17:53 6.231508910112928E9 7.552238581064261E8 3.797987956246855E9
2126-10-28_15:10:41 6.2541577006601305E9 7.762658784513816E8 3.748782967684053E9
2127-04-27_18:03:29 6.276276884409021E9 7.972525821706064E8 3.6992810235749154E9
2127-10-25_20:56:17 6.297864613638396E9 8.181842132806534E8 3.649485395941509E9
2128-04-23_23:49:05 6.318919129631064E9 8.390609419729766E8 3.599399170032366E9
2128-10-22_02:41:53 6.339438755742018E9 8.598828482665805E8 3.549025244575761E9
2129-04-21_05:34:41 6.359421889666035E9 8.806499061323813E8 3.4983663340941467E9
2129-10-19_08:27:29 6.378866994988413E9 9.013619682300472E8 3.447424973298469E9
2130-04-18_11:20:17 6.397772592111003E9 9.220187513960022E8 3.396203523557248E9
2130-10-16_14:13:05 6.416137248650195E9 9.426198230144783E8 3.3447041814188867E9
2131-04-15_17:05:53 6.433959569410106E9 9.631645883987288E8 3.2929289891416917E9
2131-10-13_19:58:41 6.451238186036863E9 9.836522793006324E8 3.2408798471689234E9
2132-04-11_22:51:29 6.467971746464286E9 1.0040819436601351E9 3.1885585284621453E9
2132-10-10_01:44:17 6.484158904261345E9 1.0244524366944325E9 3.135966694590639E9
2133-04-09_04:37:05 6.499798307993424E9 1.0447624134175384E9 3.083105913453202E9
2133-10-07_07:29:53 6.514888590707192E9 1.0650103226677251E9 3.0299776784944997E9
2134-04-06_10:22:41 6.529428359648984E9 1.0851944027098856E9 2.976583429256614E9
2134-10-04_13:15:29 6.543416186321271E9 1.1053126784645998E9 2.92292457309697E9
2135-04-03_16:08:17 6.556850596979229E9 1.1253629604035158E9 2.8690025078860173E9
2135-10-01_19:01:05 6.56973006366281E9 1.1453428451348763E9 2.814818645490044E9
2136-03-30_21:53:53 6.582052995854685E9 1.1652497176901844E9 2.760374435829889E9
2136-09-28_00:46:41 6.593817732845953E9 1.1850807555063264E9 2.705671391302711E9
2137-03-28_03:39:29 6.605022536884313E9 1.2048329340838683E9 2.650711111344256E9
2137-09-25_06:32:17 6.615665587169497E9 1.2245030342859006E9 2.5954953069087477E9
2138-03-25_09:25:05 6.625744974752533E9 1.2440876512287838E9 2.540025824636553E9
2138-09-22_12:17:53 6.635258698383713E9 1.2635832046998281E9 2.4843046704853883E9
2139-03-22_15:10:41 6.644204661344754E9 1.2829859510242856E9 2.428334032598908E9
2139-09-19_18:03:29 6.652580669288586E9 1.3022919962891269E9 2.372116303195487E9
2140-03-18_20:56:17 6.660384429099948E9 1.3214973108200107E9 2.315654099261612E9
2140-09-15_23:49:05 6.667613548777794E9 1.3405977447940848E9 2.2589502818482437E9
2141-03-16_02:41:53 6.674265538329472E9 1.3595890448611853E9 2.2020079737768917E9
2141-09-13_05:34:41 6.68033781165557E9 1.3784668716359408E9 2.144830575574805E9
2142-03-13_08:27:29 6.685827689392772E9 1.3972268179133472E9 2.087421779476993E9
2142-09-10_11:20:17 6.69073240267217E9 1.4158644274544415E9 2.0297855813440597E9
2143-03-10_14:13:05 6.695049097739899E9 1.4343752141805913E9 1.9719262903682408E9
2143-09-07_17:05:53 6.698774841377476E9 1.4527546816112208E9 1.9138485364563806E9
2144-03-06_19:58:41 6.701906627050592E9 1.47099834237501E9 1.8555572752029812E9
2144-09-03_22:51:29 6.704441381707351E9 1.4891017376242635E9 1.7970577903835118E9
2145-03-04_01:44:17 6.706375973139467E9 1.5070604561798556E9 1.738355693926884E9
2145-09-01_04:37:05 6.707707217814448E9 1.5248701532366962E9 1.6794569233449764E9
2146-03-01_07:29:53 6.708431889081555E9 1.5425265684608428E9 1.6203677366258042E9
2146-08-29_10:22:41 6.708546725651027E9 1.56002554331533E9 1.5610947046153123E9
2147-02-26_13:15:29 6.708048440242968E9 1.5773630374557452E9 1.501644700943755E9
2147-08-26_16:08:17 6.706933728301868E9 1.5945351440452342E9 1.442024889570212E9
2148-02-23_19:01:05 6.7051992766719E9 1.6115381038458536E9 1.3822427100492759E9
2148-08-22_21:53:53 6.70284177213024E9 1.6283683179549668E9 1.3223058606388433E9
2149-02-20_00:46:41 6.699857909677816E9 1.6450223590650737E9 1.262222279396735E9
2149-08-20_03:39:29 6.696244400490924E9 1.6614969811392963E9 1.202000123429276E9
2150-02-17_06:32:17 6.69199797944224E9 1.6777891274071007E9 1.1416477464794705E9
2150-08-17_09:25:05 6.687115412106101E9 1.6938959366011987E9 1.081173675052478E9
2151-02-14_12:17:53 6.681593501170033E9 1.7098147473702726E9 1.0205865833000365E9
2151-08-14_15:10:41 6.675429092183156E9 1.7255431008198454E9 9.598952668918363E8
2152-02-11_18:03:29 6.668619078581205E9 1.741078741148975E9 8.991086161205469E8
2152-08-10_20:56:17 6.661160405937893E9 1.7564196143693037E9 8.382355884885608E8
2153-02-07_23:49:05 6.653050075403187E9 1.771563865108846E9 7.772851810386331E8
2153-08-08_02:41:53 6.644285146300268E9 1.7865098315213642E9 7.162664026904187E8
2154-02-05_05:34:41 6.634862737864483E9 1.8012560383394873E9 6.551882468481331E8
2154-08-05_08:27:29 6.624780030119825E9 1.8158011881262343E9 5.940596645456858E8
2155-02-02_11:20:17 6.614034263899888E9 1.8301441507976677E9 5.328895383881466E8
2155-08-02_14:13:05 6.60262274003275E9 1.8442839515042496E9 4.7168665754719E8
2156-01-30_17:05:53 6.5905428177204895E9 1.858219756974999E9 4.104596940559234E8
2156-07-29_19:58:41 6.57779191215599E9 1.8719508604420764E9 3.492171806421153E8
2157-01-26_22:51:29 6.564367491429658E9 1.8854766652783186E9 2.879674903202644E8
2157-07-27_01:44:17 6.550267072789885E9 1.898796667491273E9 2.2671881795226815E8
2158-01-24_04:37:05 6.53548821832962E9 1.9119104372295198E9 1.6547916396614656E8
2158-07-24_07:29:53 6.520028530181097E9 1.924817599465652E9 1.0425632040616457E8
2159-01-21_10:22:41 6.503885645306895E9 1.9375178140298893E9 4.305785946110042E7
2159-07-21_13:15:29 6.487057229983392E9 1.9500107551736634E9 -1.8108875398507807E7
2160-01-18_16:08:17 6.469540974076936E9 1.9622960908484838E9 -7.923677557359089E7
2160-07-17_19:01:05 6.451334585218186E9 1.97437346188787E9 -1.403189706980572E8
2161-01-14_21:53:53 6.432435782981538E9 1.9862424612827997E9 -2.013488291595839E8
2161-07-15_00:46:41 6.41284229317941E9 1.9979026137399595E9 -2.6231995575095233E8
2162-01-12_03:39:29 6.392551842380118E9 2.0093533557110288E9 -3.232261864539867E8
2162-07-12_06:32:17 6.371562152758362E9 2.02059401607677E9 -3.840615803814395E8
2163-01-09_09:25:05 6.349870937382808E9 2.031623797665486E9 -4.448204089339371E8
2163-07-09_12:17:53 6.327475896043533E9 2.0424417597774053E9 -5.0549714224996054E8
2164-01-06_15:10:41 6.304374711715401E9 2.053046801878807E9 -5.660864330570238E8
2164-07-05_18:03:29 6.28056504774887E9 2.0634376486187928E9 -6.265830980525794E8
2165-01-02_20:56:17 6.256044545870287E9 2.073612836311271E9 -6.869820969718801E8
2165-07-02_23:49:05 6.230810825067345E9 2.0835707010107775E9 -7.472785095176073E8
2165-12-31_02:41:53 6.204861481424946E9 2.0933093682973943E9 -8.074675103492699E8
2166-06-30_05:34:41 6.178194088966362E9 2.1028267448709083E9 -8.67544342349322E8
2166-12-28_08:27:29 6.1508062015451565E9 2.1121205120377543E9 -9.27504288396938E8
2167-06-27_11:20:17 6.122695355819328E9 2.1211881211583467E9 -9.873426419004983E8
2167-12-25_14:13:05 6.093859075329653E9 2.1300267911040058E9 -1.0470546763466401E9
2168-06-23_17:05:53 6.0642948756897545E9 2.1386335077553046E9 -1.1066356141383636E9
2168-12-21_19:58:41 6.034000270884873E9 2.1470050255547605E9 -1.1660805949979753E9
2169-06-20_22:51:29 6.002972780661011E9 2.1551378711089706E9 -1.225384644221022E9
2169-12-19_01:44:17 5.971209938975884E9 2.16302834881605E9 -1.2845426410644872E9
2170-06-18_04:37:05 5.938709303468565E9 2.170672548476419E9 -1.3435492875564148E9
2170-12-16_07:29:53 5.905468465894671E9 2.178066354826377E9 -1.4023990780069668E9
2171-06-15_10:22:41 5.871485063459202E9 2.1852054589170203E9 -1.4610862695005178E9
2171-12-13_13:15:29 5.83675679097061E9 2.1920853712435045E9 -1.5196048536350906E9
2172-06-11_16:08:17 5.8012814137269745E9 2.1987014365139914E9 -1.5779485297683587E9
2172-12-09_19:01:05 5.765056781037689E9 2.205048849931993E9 -1.6361106800122023E9
2173-06-08_21:53:53 5.728080840271782E9 2.2111226748523693E9 -1.6940843462074578E9
2173-12-07_00:46:41 5.690351651319588E9 2.2169178616578116E9 -1.751862209086911E9
2174-06-06_03:39:29 5.65186740134488E9 2.2224292676915355E9 -1.809436569818955E9
2174-12-04_06:32:17 5.612626419701853E9 2.227651678071518E9 -1.8667993340981307E9
2175-06-03_09:25:05 5.5726271928832855E9 2.232579827203648E9 -1.9239419989304318E9
2175-12-01_12:17:53 5.531868379367017E9 2.237208420803867E9 -1.9808556422305958E9
2176-05-30_15:10:41 5.490348824223353E9 2.2415321582346106E9 -2.0375309153265233E9
2176-11-27_18:03:29 5.448067573348805E9 2.2455457549572635E9 -2.0939580384343755E9
2177-05-27_20:56:17 5.405023887189407E9 2.2492439649013743E9 -2.150126799144445E9
2177-11-24_23:49:05 5.361217253822935E9 2.252621602551141E9 -2.2060265539253273E9
2178-05-25_02:41:53 5.316647401272371E9 2.2556735645524836E9 -2.2616462326261325E9
2178-11-22_05:34:41 5.271314308928087E9 2.2583948506478014E9 -2.3169743459297276E9
2179-05-22_08:27:29 5.225218217966399E9 2.2607805837515807E9 -2.3719989956770005E9
2179-11-19_11:20:17 5.178359640656854E9 2.2628260289878225E9 -2.426707887960614E9
2180-05-18_14:13:05 5.130739368464751E9 2.264526611519646E9 -2.481088348854216E9
2180-11-15_17:05:53 5.082358478863896E9 2.265877933012597E9 -2.5351273426218605E9
2181-05-15_19:58:41 5.033218340790536E9 2.266875786585864E9 -2.588811492224247E9
2181-11-12_22:51:29 4.983320618678749E9 2.2675161701197743E9 -2.642127101921727E9
2182-05-13_01:44:17 4.93266727503692E9 2.267795297803405E9 -2.6950601817480936E9
2182-11-10_04:37:05 4.881260571536904E9 2.267709609822743E9 -2.7475964736158266E9
2183-05-10_07:29:53 4.829103068607406E9 2.267255780107518E9 -2.7997214787937827E9
2183-11-07_10:22:41 4.776197623535096E9 2.2664307220733843E9 -2.8514204864907E9
2184-05-06_13:15:29 4.722547387098975E9 2.2652315923153462E9 -2.90267860326221E9
2184-11-03_16:08:17 4.668155798776734E9 2.2636557922279058E9 -2.9534807829568653E9
2185-05-03_19:01:05 4.613026580583216E9 2.2617009675476766E9 -3.00381185690736E9
2185-10-31_21:53:53 4.557163729612779E9 2.25936500583411E9 -3.053656564077657E9
2186-05-01_00:46:41 4.500571509378828E9 2.256646031924113E9 -3.102999580873739E9
2186-10-29_03:39:29 4.443254440055948E9 2.253542401416136E9 -3.151825550333746E9
2187-04-28_06:32:17 4.385217287748758E9 2.2500526922586517E9 -3.200119110418218E9
2187-10-26_09:25:05 4.326465052920378E9 2.2461756945362635E9 -3.2478649211363425E9
2188-04-24_12:17:53 4.2670029581317925E9 2.2419103985649443E9 -3.2950476902526817E9
2188-10-22_15:10:41 4.206836435249565E9 2.237255981423968E9 -3.3416521973400517E9
2189-04-21_18:03:29 4.1459711122946053E9 2.2322117920684304E9 -3.3876633159575987E9
2189-10-19_20:56:17 4.084412800106202E9 2.2267773351795206E9 -3.4330660337605033E9
2190-04-18_23:49:05 4.022167479007702E9 2.2209522539230447E9 -3.4778454703654046E9
2190-10-17_02:41:53 3.959241285661187E9 2.214736311797423E9 -3.5219868928235497E9
2191-04-16_05:34:41 3.8956405003009005E9 2.2081293737616043E9 -3.565475728580082E9
2191-10-14_08:27:29 3.8313715345383763E9 2.2011313868410807E9 -3.6082975758234806E9
2192-04-12_11:20:17 3.7664409199249005E9 2.1937423604152904E9 -3.6504382111617923E9
2192-10-10_14:13:05 3.7008552974586754E9 2.1859623463937664E9 -3.691883594587649E9
2193-04-09_17:05:53 3.634621408213068E9 2.177791419489424E9 -3.7326198717274013E9
2193-10-07_19:58:41 3.567746085259133E9 2.169229657797647E9 -3.7726333733960304E9
2194-04-06_22:51:29 3.5002362470391517E9 2.1602771238865914E9 -3.8119106125132275E9
2194-10-05_01:44:17 3.432098892341669E9 2.1509338466004434E9 -3.8504382784612784E9
2195-04-04_04:37:05 3.3633410970100904E9 2.1411998037704313E9 -3.888203228996398E9
2195-10-02_07:29:53 3.29397001250574E9 2.1310749060208912E9 -3.925192479849389E9
2196-03-31_10:22:41 3.2239928664230075E9 2.1205589818468072E9 -3.961393192180651E9
2196-09-28_13:15:29 3.153416965041892E9 2.1096517641283937E9 -3.996792658074958E9
2197-03-28_16:08:17 3.082249697978335E9 2.0983528782344093E9 -4.031378284286135E9
2197-09-25_19:01:05 3.0104985449773793E9 2.0866618318519983E9 -4.06513757445882E9
2198-03-25_21:53:53 2.938171084865734E9 2.0745780066638043E9 -4.098058110075471E9
2198-09-23_00:46:41 2.8652750066650805E9 2.0621006519770696E9 -4.1301275303884554E9
2199-03-23_03:39:29 2.791818122839706E9 2.0492288803905897E9 -4.161333511611602E9
2199-09-20_06:32:17 2.7178083846347647E9 2.035961665567256E9 -4.191663745653221E9
2200-03-20_09:25:05 2.6432538994325733E9 2.0222978421595893E9 -4.2211059186816134E9
2200-09-17_12:17:53 2.5681629500386147E9 2.0082361079165888E9 -4.2496476898154063E9
2201-03-17_15:10:41 2.492544015782496E9 1.9937750279793785E9 -4.277276670233792E9
2201-09-14_18:03:29 2.416405795304004E9 1.9789130413540676E9 -4.303980402997129E9
2202-03-14_20:56:17 2.3397572308673034E9 1.9636484695285127E9 -4.329746343866486E9
2202-09-11_23:49:05 2.2626075340356703E9 1.9479795271819437E9 -4.354561843398977E9
2203-03-12_02:41:53 2.1849662125169644E9 1.9319043349157338E9 -4.378414130587637E9
2203-09-09_05:34:41 2.106843097976661E9 1.9154209339160569E9 -4.401290298299295E9
2204-03-08_08:27:29 2.0282483746036842E9 1.8985273024416285E9 -4.423177290747833E9
2204-09-05_11:20:17 1.949192608197384E9 1.8812213740124824E9 -4.444061893222612E9
2205-03-05_14:13:05 1.8696867755408764E9 1.8635010571615417E9 -4.463930724269315E9
2205-09-02_17:05:53 1.7897422938132734E9 1.845364256595886E9 -4.482770230498835E9
2206-03-02_19:58:41 1.709371049794073E9 1.8268088956033497E9 -4.500566684173648E9
2206-08-30_22:51:29 1.628585428602763E9 1.8078329395276437E9 -4.517306183696611E9
2207-02-28_01:44:17 1.547398341724218E9 1.7884344201278155E9 -4.532974657097544E9
2207-08-28_04:37:05 1.4658232540667577E9 1.7686114606293159E9 -4.547557868585559E9
2208-02-25_07:29:53 1.3838742098093722E9 1.7483623012693753E9 -4.561041428205241E9
2208-08-24_10:22:41 1.3015658567959988E9 1.7276853251350315E9 -4.573410804605157E9
2209-02-21_13:15:29 1.2189134692494462E9 1.7065790840912254E9 -4.584651340897339E9
2209-08-21_16:08:17 1.1359329685851629E9 1.6850423245962741E9 -4.594748273556708E9
2210-02-18_19:01:05 1.0526409421234409E9 1.6630740132050843E9 -4.60368675428025E9
2210-08-18_21:53:53 9.690546595083303E8 1.640673361563335E9 -4.611451874698063E9
2211-02-16_00:46:41 8.85192086665454E8 1.617839850703281E9 -4.6180286938009615E9
2211-08-16_03:39:29 8.010718971457853E8 1.5945732544585855E9 -4.623402267924159E9
2212-02-13_06:32:17 7.16713480728857E8 1.5708736618263993E9 -4.627557683102707E9
2212-08-12_09:25:05 6.321369491738484E8 1.5467414981141427E9 -4.630480089593142E9
2213-02-09_12:17:53 5.47363139038078E8 1.522177544722855E9 -4.632154738336227E9
2213-08-09_15:10:41 4.624136115008764E8 1.4971829574314113E9 -4.632567019119111E9
2214-02-06_18:03:29 3.7731064916151774E8 1.471759283062311E9 -4.631702500181345E9
2214-08-06_20:56:17 2.920772497979801E8 1.4459084744238966E9 -4.6295469689980545E9
2215-02-03_23:49:05 2.0673711710492048E8 1.4196329034422011E9 -4.626086473965648E9
2215-08-04_02:41:53 1.2131464845139322E8 1.3929353724123948E9 -4.621307366710507E9
2216-02-01_05:34:41 3.583491972127109E7 1.365819123316665E9 -4.615196344739354E9
2216-07-31_08:27:29 -4.9676332670708455E7 1.3382878451755154E9 -4.607740494151618E9
2217-01-28_11:20:17 -1.3519273248137715E8 1.3103456794142323E9 -4.598927332138394E9
2217-07-28_14:13:05 -2.2068728692488965E8 1.2819972232465823E9 -4.588744849000567E9
2218-01-25_17:05:53 -3.061324123925653E8 1.2532475310934718E9 -4.577181549428741E9
2218-07-25_19:58:41 -3.9149996243611574E8 1.2241021140720384E9 -4.564226492801655E9
2219-01-22_22:51:29 -4.767612578340649E8 1.1945669376047385E9 -4.549869332274615E9
2219-07-23_01:44:17 -5.618871185421569E8 1.1646484172146835E9 -4.534100352448443E9
2220-01-20_04:37:05 -6.468478973235241E8 1.1343534125853493E9 -4.516910505428839E9
2220-07-19_07:29:53 -7.316135148401301E8 1.1036892199774332E9 -4.498291445108942E9
2221-01-16_10:22:41 -8.161534959906313E8 1.0726635631034615E9 -4.478235559529483E9
2221-07-16_13:15:29 -9.004370072689682E8 1.0412845825732353E9 -4.456736001196718E9
2222-01-13_16:08:17 -9.84432894924583E8 1.0095608240288467E9 -4.43378671526186E9
2222-07-13_19:01:05 -1.0681097237022226E9 9.77501225096455E8 -4.409382465492302E9
2223-01-10_21:53:53 -1.1514358159524913E9 9.451151012838055E8 -4.383518857987988E9
2223-07-11_00:46:41 -1.2343792909057472E9 9.124121309579055E8 -4.35619236262261E9
2224-01-08_03:39:29 -1.3169081039171581E9 8.794023395367811E8 -4.327400332211517E9
2224-07-07_06:32:17 -1.398990085498677E9 8.460960830308007E8 -4.297141019432442E9
2225-01-04_09:25:05 -1.4805929799762688E9 8.125040310639709E8 -4.2654135915433664E9
2225-07-04_12:17:53 -1.5616844836185744E9 7.786371495057248E8 -4.232218142963822E9
2226-01-01_15:10:41 -1.6422322821084828E9 7.445066828359094E8 -4.1975557058004794E9
2226-07-01_18:03:29 -1.7222040872414794E9 7.101241363624759E8 -4.16142825841512E9
2226-12-29_20:56:17 -1.8015676727627327E9 6.755012584007702E8 -4.1238387321419773E9
2227-06-28_23:49:05 -1.8802909092680383E9 6.406500225182638E8 -4.084791016274132E9
2227-12-27_02:41:53 -1.958341798118686E9 6.055826099377611E8 -4.0442899614435215E9
2228-06-25_05:34:41 -2.0356885043409882E9 5.703113921824175E8 -4.0023413815232306E9
2228-12-23_08:27:29 -2.1122993884976137E9 5.3484891403736734E8 -3.9589520541836762E9
2229-06-22_11:20:17 -2.188143037543923E9 4.992078768892304E8 -3.9141297202294297E9
2229-12-20_14:13:05 -2.26318829469378E9 4.634011224972274E8 -3.8678830818427505E9
2230-06-19_17:05:53 -2.3374042883422337E9 4.274416172361677E8 -3.820221799849991E9
2230-12-17_19:58:41 -2.4107604601015506E9 3.9134243684390897E8 -3.771156490121445E9
2231-06-16_22:51:29 -2.483226592027731E9 3.551167516921446E8 -3.720698719199602E9
2231-12-15_01:44:17 -2.5547728331196856E9 3.1877781259256536E8 -3.668860999241355E9
2232-06-13_04:37:05 -2.625369725185974E9 2.8233893713932997E8 -3.61565678234262E9
2232-12-11_07:29:53 -2.694988228177315E9 2.4581349658192742E8 -3.5611004543000503E9
2233-06-10_10:22:41 -2.763599745092075E9 2.092149032121564E8 -3.5052073278437757E9
2233-12-08_13:15:29 -2.8311761465580535E9 1.7255659824484107E8 -3.4479936353613176E9
2234-06-07_16:08:17 -2.897689795197043E9 1.3585204016365582E8 -3.3894765211115246E9
2234-12-05_19:01:05 -2.9631135698704314E9 9.911469350093034E7 -3.329674032913009E9
2235-06-04_21:53:53 -3.0274208899042172E9 6.2358018012884475E7 -3.2686051132686286E9
2235-12-03_00:46:41 -3.0905857393763156E9 2.5595458212546643E7 -3.206289589876415E9
2236-06-01_03:39:29 -3.152582691544067E9 -1.1159566782495402E7 -3.142748165456275E9
2236-11-29_06:32:17 -3.213386933470849E9 -4.789367312791705E7 -3.078002406812831E9
2237-05-29_09:25:05 -3.272974290902948E9 -8.459352190038134E7 -3.012074733034964E9
2237-11-26_12:17:53 -3.3313212534243817E9 -1.2124582855451967E8 -2.9449884027283053E9
2238-05-26_15:10:41 -3.3884049999044585E9 -1.5783737222953844E8 -2.8767675001629786E9
2238-11-23_18:03:29 -3.444203424229379E9 -1.943550049404148E8 -2.807436920217045E9
2239-05-23_20:56:17 -3.49869516129463E9 -2.3078566068847975E8 -2.7370223519860024E9
2239-11-20_23:49:05 -3.551859613208904E9 -2.6711636451872844E8 -2.665550260933598E9
2240-05-20_02:41:53 -3.603676975643608E9 -3.033342415487941E8 -2.593047869455901E9
2240-11-17_05:34:41 -3.654128264240317E9 -3.394265259889609E8 -2.5195431357358837E9
2241-05-17_08:27:29 -3.703195340966904E9 -3.753805701657709E8 -2.4450647307749653E9
2241-11-14_11:20:17 -3.750860940298023E9 -4.111838535591706E8 -2.369642013491527E9
2242-05-14_14:13:05 -3.797108695073012E9 -4.4682399185418737E8 -2.2933050037948422E9
2242-11-11_17:05:53 -3.841923161871369E9 -4.822887460050063E8 -2.216084353552061E9
2243-05-11_19:58:41 -3.8852898457276325E9 -5.1756603130111325E8 -2.1380113153880787E9
2243-11-08_22:51:29 -3.927195223998919E9 -5.526439264231122E8 -2.059117709270107E9
2244-05-08_01:44:17 -3.9676267691836066E9 -5.875106824674149E8 -1.9794358868562365E9
2244-11-05_04:37:05 -4.006572970484394E9 -6.221547319168218E8 -1.8989986936048405E9
2245-05-05_07:29:53 -4.044023353900792E9 -6.565646975273149E8 -1.8178394286703446E9
2245-11-02_10:22:41 -4.079968500636853E9 -6.907294011009315E8 -1.7359918026286693E9
2246-05-02_13:15:29 -4.11440006360624E9 -7.246378721081259E8 -1.6534898931087651E9
2246-10-30_16:08:17 -4.147310781822772E9 -7.582793561232111E8 -1.5703680984261463E9
2247-04-29_19:01:05 -4.178694492467923E9 -7.91643323032212E8 -1.486661089346598E9
2247-10-27_21:53:53 -4.20854614043898E9 -8.247194749744642E8 -1.4024037591254356E9
2248-04-26_00:46:41 -4.236861785190077E9 -8.574977539757544E8 -1.3176311720013163E9
2248-10-24_03:39:29 -4.263638604695917E9 -8.899683492338763E8 -1.2323785103393507E9
2249-04-23_06:32:17 -4.288874896382549E9 -9.221217040156276E8 -1.1466810206489716E9
2249-10-21_09:25:05 -4.312570074892822E9 -9.539485221296294E8 -1.0605739587124816E9
2250-04-20_12:17:53 -4.334724666573224E9 -9.854397739382011E8 -9.740925340882941E8
2250-10-18_15:10:41 -4.355340300595262E9 -1.0165867018771029E9 -8.872718542621567E8
2251-04-17_18:03:29 -4.374419696649053E9 -1.0473808254531708E9 -8.001468687389762E8
2251-10-15_20:56:17 -4.391966649176129E9 -1.0778139456966121E9 -7.1275231337207E8
2252-04-13_23:49:05 -4.407986008135432E9 -1.1078781490463934E9 -6.251226552412884E8
2252-10-12_02:41:53 -4.422483656327325E9 -1.1375658106535993E9 -5.372920383915472E8
2253-04-11_05:34:41 -4.435466483330168E9 -1.1668695970923681E9 -4.4929423074579453E8
2253-10-09_08:27:29 -4.446942356133662E9 -1.1957824684717126E9 -3.6116257250882035E8
2254-04-08_11:20:17 -4.456920086584549E9 -1.224297679949593E9 -2.7292992636448497E8
2254-10-06_14:13:05 -4.465409395788067E9 -1.252408782652756E9 -1.8462862977044696E8
2255-04-05_17:05:53 -4.472420875638238E9 -1.2801096240133336E9 -9.629044963512531E7
2255-10-03_19:58:41 -4.477965947676341E9 -1.3073943475360992E9 -7946539.653800882
2256-04-01_22:51:29 -4.482056819503306E9 -1.334257392017309E9 8.03725994441617E7
2256-09-30_01:44:17 -4.484706438994642E9 -1.3606934902383008E9 1.6863715649871266E8
2257-03-30_04:37:05 -4.485928446588354E9 -1.3866976671625712E9 2.5681804316299188E8
2257-09-27_07:29:53 -4.485737125935013E9 -1.4122652376669402E9 3.448869235965281E8
2258-03-27_10:22:41 -4.484147353215632E9 -1.4373918038429148E9 4.3281624045257187E8
2258-09-24_13:15:29 -4.481174545446053E9 -1.4620732519042978E9 5.2057923702485305E8
2259-03-24_16:08:17 -4.476834608097067E9 -1.4863057487410767E9 6.081499754554455E8
2259-09-21_19:01:05 -4.471143882366689E9 -1.5100857381591861E9 6.955033509316255E8
2260-03-20_21:53:53 -4.464119092444733E9 -1.5334099368486464E9 7.826151018384484E8
2260-09-18_00:46:41 -4.455777293110631E9 -1.556275330120683E9 8.694618158599247E8
2261-03-18_03:39:29 -4.446135818002683E9 -1.578679167455657E9 9.560209320593317E8
2261-09-15_06:32:17 -4.435212228891286E9 -1.6006189579008577E9 1.0422707389961327E9
2262-03-15_09:25:05 -4.423024266279121E9 -1.6220924653579683E9 1.1281903689762385E9
2262-09-12_12:17:53 -4.3418757387828665E9 -1.8499397234263978E9 1.6658707532413757E9
