#time X Y Z
2018-05-23_22:48:36 1.3020826432073264E9 5.331425524661753E8 2.622484110244621E9
2018-07-24_13:09:43 1.3296656435087404E9 5.454703802410063E8 2.604901093699731E9
2018-09-24_03:30:51 1.357061606896862E9 5.577214342996601E8 2.586947793992171E9
2018-11-24_17:51:58 1.3842675544608846E9 5.698943951120985E8 2.568625217971804E9
2019-01-25_08:13:05 1.4112788001856287E9 5.819872301465842E8 2.549934107884694E9
2019-03-27_22:34:12 1.4380904640132892E9 5.93997761120266E8 2.5308772795804863E9
2019-05-28_12:55:19 1.4646991642928605E9 6.059244474450296E8 2.5114578272515244E9
2019-07-29_03:16:27 1.4911019210121474E9 6.17765980414852E8 2.4916771594517384E9
2019-09-28_17:37:34 1.5172944180809631E9 6.295204691868892E8 2.471536511446752E9
2019-11-29_07:58:41 1.5432723999578629E9 6.411859972313184E8 2.4510383206650105E9
2020-01-29_22:19:48 1.5690323345652313E9 6.527609853136357E8 2.430184609886682E9
2020-03-31_12:40:55 1.5945699880557907E9 6.642435916528919E8 2.408976984112946E9
2020-06-01_03:02:03 1.6198806252918246E9 6.756317179269717E8 2.3874180233527374E9
2020-08-01_17:23:10 1.6449607532089934E9 6.869237683882895E8 2.365510997420563E9
2020-10-02_07:44:17 1.669807465711824E9 6.981184522754192E8 2.343257518647075E9
2020-12-02_22:05:24 1.6944161654040952E9 7.092137700551873E8 2.32065860312518E9
2021-02-02_12:26:31 1.7187817480739818E9 7.202074481869591E8 2.2977168890663457E9
2021-04-05_02:47:39 1.742900332289665E9 7.310977325201008E8 2.2744359084315987E9
2021-06-05_17:08:46 1.76676837634803E9 7.418830665744214E8 2.2508179755103755E9
2021-08-06_07:29:53 1.7903812619482427E9 7.525614183215278E8 2.226865135694543E9
2021-10-06_21:51:00 1.813734955169952E9 7.63130957267855E8 2.2025807114610767E9
2021-12-07_12:12:07 1.8368259463229632E9 7.735901091966213E8 2.1779672097717166E9
2022-02-07_02:33:15 1.8596495674798214E9 7.839368389053278E8 2.153026338203515E9
2022-04-09_16:54:22 1.8822005272522504E9 7.941687966337087E8 2.127761395608785E9
2022-06-10_07:15:29 1.9044749299040391E9 8.04284201915772E8 2.1021769894519315E9
2022-08-10_21:36:36 1.9264696870360699E9 8.142816720585467E8 2.0762758965460618E9
2022-10-11_11:57:43 1.9481803251833115E9 8.241592406380103E8 2.0500601283539143E9
2022-12-12_02:18:51 1.96960196917087E9 8.339147139773799E8 2.0235333056725705E9
2023-02-11_16:39:58 1.990730565859911E9 8.435462533891813E8 1.9966995399627411E9
2023-04-14_07:01:05 2.0115621368221364E9 8.530520987310258E8 1.9695619333543136E9
2023-06-14_21:22:12 2.0320919053724158E9 8.624301232618874E8 1.9421243107526498E9
2023-08-15_11:43:19 2.0523160476635702E9 8.716785650096744E8 1.9143916238350985E9
2023-10-16_02:04:27 2.0722316603272164E9 8.807960919412915E8 1.8863674766194534E9
2023-12-16_16:25:34 2.0918346262437823E9 8.89780881615353E8 1.8580545901394198E9
2024-02-16_06:46:41 2.1111197689403903E9 8.986306102446626E8 1.8294572470618043E9
2024-04-17_21:07:48 2.1300834181336033E9 9.073435776419958E8 1.8005811089967198E9
2024-06-18_11:28:55 2.1487228290335193E9 9.159185291658136E8 1.7714303953387887E9
2024-08-19_01:50:03 2.1670341545992517E9 9.243537404352175E8 1.7420089082545404E9
2024-10-19_16:11:10 2.1850136103211894E9 9.326474645721796E8 1.7123214827292905E9
2024-12-20_06:32:17 2.2026582797003155E9 9.4079833789969E8 1.6823728334514413E9
2025-02-19_20:53:24 2.2199647600930657E9 9.488048315828106E8 1.6521667988435926E9
2025-04-22_11:14:31 2.2369286313770995E9 9.566649526994121E8 1.6217082657632604E9
2025-06-23_01:35:39 2.2535469923931227E9 9.643773226633625E8 1.591003370968523E9
2025-08-23_15:56:46 2.2698180452184E9 9.71941074477731E8 1.5600569075320442E9
2025-10-24_06:17:53 2.2857388328895087E9 9.793548699874247E8 1.5288725235137107E9
2025-12-24_20:39:00 2.3013054891860833E9 9.866169362340521E8 1.4974549092723382E9
2026-02-24_11:00:07 2.31651522196942E9 9.93725947978404E8 1.4658098560782418E9
2026-04-27_01:21:15 2.3313657600122223E9 1.0006808509651138E9 1.4339422207373114E9
2026-06-27_15:42:22 2.3458540244350643E9 1.0074802421515701E9 1.4018567475595465E9
2026-08-28_06:03:29 2.359977458447821E9 1.0141228979591793E9 1.369558986929744E9
2026-10-28_20:24:36 2.373734470852047E9 1.0206080268997633E9 1.3370541074104295E9
2026-12-29_10:45:43 2.38712260521213E9 1.0269345068166832E9 1.3043459255297894E9
2027-03-01_01:06:51 2.4001381816793637E9 1.0331006599719745E9 1.2714392603055003E9
2027-05-01_15:27:58 2.4127788030844855E9 1.0391053282810552E9 1.23834054528802E9
2027-07-02_05:49:05 2.4250432093954196E9 1.0449478824664301E9 1.2050551824116666E9
2027-09-01_20:10:12 2.4369295093780236E9 1.0506274433892856E9 1.1715873036995246E9
2027-11-02_10:31:19 2.448434986187071E9 1.0561427327528684E9 1.137941790514418E9
2028-01-03_00:52:27 2.459557723816063E9 1.0614928101996924E9 1.10412429338072E9
2028-03-04_15:13:34 2.470295902265383E9 1.0666768229146067E9 1.0701393365825688E9
2028-05-05_05:34:41 2.4806467895944266E9 1.0716935180555387E9 1.035991832968631E9
2028-07-05_19:55:48 2.490608308948161E9 1.076541882590553E9 1.0016879858773528E9
2028-09-05_10:16:55 2.5001797316074395E9 1.0812215065488114E9 9.67233295131216E8
2028-11-06_00:38:03 2.509359748298078E9 1.0857317675209923E9 9.326315151422675E8
2029-01-06_14:59:10 2.518145298715194E9 1.0900712550918639E9 8.9788735937868E8
2029-03-09_05:20:17 2.5265342594713016E9 1.0942389359926121E9 8.630070742377511E8
2029-05-09_19:41:24 2.534525791675194E9 1.0982343725495703E9 8.279960743217897E8
2029-07-10_10:02:31 2.542118311961541E9 1.102056821656277E9 7.92858980777513E8
2029-09-10_00:23:39 2.549309810190431E9 1.1057053120930285E9 7.576012883172256E8
2029-11-10_14:44:46 2.556099548321015E9 1.109179421687652E9 7.222285295738765E8
2030-01-11_05:05:53 2.562486305710892E9 1.1124785639547324E9 6.867447958563536E8
2030-03-13_19:27:00 2.5684673921594806E9 1.115601504481656E9 6.511550133146127E8
2030-05-14_09:48:07 2.5740410089954653E9 1.1185473548165324E9 6.154656128248442E8
2030-07-15_00:09:15 2.57920702492691E9 1.1213159741342866E9 5.796823719340338E8
2030-09-14_14:30:22 2.5839646264858828E9 1.123906960214311E9 5.438094587573525E8
2030-11-15_04:51:29 2.5883116954515834E9 1.1263193110555363E9 5.0785177190466815E8
2031-01-15_19:12:36 2.5922469195706267E9 1.1285523512666388E9 4.718150980123838E8
2031-03-18_09:33:43 2.595769372192047E9 1.1306056139043212E9 4.357045822405964E8
2031-05-18_23:54:51 2.598877563885089E9 1.1324783994699244E9 3.995252650588899E8
2031-07-19_14:15:58 2.6015700406991243E9 1.1341699804808543E9 3.6328311100270665E8
2031-09-19_04:37:05 2.603846720283319E9 1.135680228942788E9 3.2698384278095204E8
2031-11-19_18:58:12 2.6057071244482927E9 1.1370088883885088E9 2.9063163273675334E8
2032-01-20_09:19:19 2.607149103941189E9 1.1381549595451283E9 2.542311632602057E8
2032-03-21_23:40:27 2.6081709232737374E9 1.139117584573016E9 2.1778863476645246E8
2032-05-22_14:01:34 2.6087724221933994E9 1.1398966196262863E9 1.813101599523739E8
2032-07-23_04:22:41 2.608953166151632E9 1.1404918326274192E9 1.4480047796598622E8
2032-09-22_18:43:48 2.6087117003861756E9 1.1409025104527106E9 1.0826481892353103E8
2032-11-23_09:04:55 2.6080473563463197E9 1.1411282632264817E9 7.170902675946185E7
2033-01-23_23:26:03 2.606959680034572E9 1.1411688365635507E9 3.5138118119748645E7
2033-03-26_13:47:10 2.6054470362789307E9 1.1410234667366233E9 -1442968.9243538624
2033-05-27_04:08:17 2.603507876384212E9 1.1406913829465504E9 -3.802771255184246E7
2033-07-27_18:29:24 2.6011425800138545E9 1.1401726637626579E9 -7.460958021258228E7
2033-09-27_08:50:31 2.5983511860875044E9 1.1394672808397417E9 -1.1118399446732412E8
2033-11-27_23:11:39 2.5951321255289755E9 1.1385744820038538E9 -1.4774606625780368E8
2034-01-28_13:32:46 2.591484039900259E9 1.1374935687893426E9 -1.842893256097634E8
2034-03-31_03:53:53 2.587406804974714E9 1.1362244120272613E9 -2.2080745554508772E8
2034-05-31_18:15:00 2.5828998476384788E9 1.1347667124202478E9 -2.5729510830881125E8
2034-08-01_08:36:07 2.577962086848436E9 1.133119907728064E9 -2.937458022108014E8
2034-10-01_22:57:15 2.5725938233290524E9 1.1312840243210986E9 -3.3015282676558214E8
2034-12-02_13:18:22 2.566795258355582E9 1.1292590869504755E9 -3.665109286214451E8
2035-02-02_03:39:29 2.560565102717131E9 1.1270444667503452E9 -4.028147232197277E8
2035-04-04_18:00:36 2.553902206915606E9 1.1246395484673903E9 -4.3905684098161423E8
2035-06-05_08:21:43 2.5468072776178665E9 1.1220445407364762E9 -4.752299203131664E8
2035-08-05_22:42:51 2.5392809397565227E9 1.1192596568448198E9 -5.113282404033625E8
2035-10-06_13:03:58 2.531322818852926E9 1.1162846459216404E9 -5.473456857428968E8
2035-12-07_03:25:05 2.522932878761194E9 1.1131193688627512E9 -5.832752558111283E8
2036-02-06_17:46:12 2.514111718123003E9 1.1097639970988774E9 -6.191104203498746E8
2036-04-08_08:07:19 2.504859304102843E9 1.1062184467660518E9 -6.54845038130232E8
2036-06-08_22:28:27 2.49517559386604E9 1.1024825858081338E9 -6.904715265409067E8
2036-08-09_12:49:34 2.485061969722265E9 1.0985568965302162E9 -7.259822596033995E8
2036-10-10_03:10:41 2.4745201407268577E9 1.0944420505048463E9 -7.613712219596952E8
2036-12-10_17:31:48 2.4635505406878805E9 1.0901381554020462E9 -7.966326446634444E8
2037-02-10_07:52:55 2.4521531471384616E9 1.085645069570203E9 -8.317590919259622E8
2037-04-12_22:14:03 2.4403296267562394E9 1.0809634093955414E9 -8.667429890630292E8
2037-06-13_12:35:10 2.4280818249703374E9 1.0760939111228104E9 -9.015779354677308E8
2037-08-14_02:56:17 2.4154108458372197E9 1.0710369566448125E9 -9.362572026384143E8
2037-10-14_17:17:24 2.4023183744096403E9 1.0657931517637727E9 -9.70773588723746E8
2037-12-15_07:38:31 2.3888068710255704E9 1.0603634822903886E9 -1.0051208066950966E9
2038-02-14_21:59:39 2.3748775876621213E9 1.0547484219531476E9 -1.0392931567577517E9
2038-04-17_12:20:46 2.3605313525246153E9 1.048948210214818E9 -1.0732832263143845E9
2038-06-18_02:41:53 2.345770947487718E9 1.0429639412585126E9 -1.107083263752739E9
2038-08-18_17:03:00 2.3305996477600255E9 1.0367969768500746E9 -1.1406871511283157E9
2038-10-19_07:24:07 2.3150193614093027E9 1.0304480714716054E9 -1.1740894079166076E9
2038-12-19_21:45:15 2.2990318672833014E9 1.023917875778355E9 -1.2072832496985426E9
2039-02-19_12:06:22 2.2826401141580834E9 1.0172075761332049E9 -1.2402618850997005E9
2039-04-22_02:27:29 2.265846650213461E9 1.0103182223319598E9 -1.2730195154351676E9
2039-06-22_16:48:36 2.248653660375304E9 1.0032506716478186E9 -1.3055495882334447E9
2039-08-23_07:09:43 2.231064379203057E9 9.960062158262457E8 -1.337844924619254E9
2039-10-23_21:30:51 2.213082769814664E9 9.885865141927375E8 -1.3698998882783604E9
2039-12-24_11:51:58 2.1947112985473304E9 9.809925848295016E8 -1.401709794946505E9
2040-02-24_02:13:05 2.1759519224449663E9 9.732251687971715E8 -1.4332680558392775E9
2040-04-25_16:34:12 2.156808139927508E9 9.652856836255741E8 -1.4645675437929103E9
2040-06-26_06:55:19 2.1372839681110978E9 9.571758283010377E8 -1.49560261136345E9
2040-08-26_21:16:27 2.1173825639775407E9 9.488969143596157E8 -1.5263680166755579E9
2040-10-27_11:37:34 2.097107095006443E9 9.404502117414001E8 -1.5568574301382482E9
2040-12-28_01:58:41 2.0764616646138263E9 9.318374320900434E8 -1.5870653269313848E9
2041-02-27_16:19:48 2.0554494960791874E9 9.23059936522533E8 -1.6169870138590298E9
2041-04-30_06:40:55 2.0340732994116936E9 9.141188186057706E8 -1.6466164035712028E9
2041-06-30_21:02:03 2.0123371129406612E9 9.050157323918461E8 -1.6759467393558717E9
2041-08-31_11:23:10 1.9902458988285747E9 8.957527923370953E8 -1.7049729327658968E9
2041-11-01_01:44:17 1.9678032779694276E9 8.863315390234553E8 -1.7336909462627578E9
2042-01-01_16:05:24 1.9450122140369925E9 8.767531689847026E8 -1.7620952422457433E9
2042-03-04_06:26:31 1.9218767710325696E9 8.670193651205922E8 -1.7901799647533193E9
2042-05-04_20:47:39 1.8984013723067355E9 8.571320201731352E8 -1.8179402390318718E9
2042-07-05_11:08:46 1.87458968994159E9 8.470926804080437E8 -1.8453710728612247E9
2042-09-05_01:29:53 1.850445900918291E9 8.369030716524901E8 -1.872466675510555E9
2042-11-05_15:51:00 1.8259752007823842E9 8.265654070712513E8 -1.8992225121094825E9
2043-01-06_06:12:07 1.801181547136068E9 8.160813909864823E8 -1.9256350068493805E9
2043-03-08_20:33:15 1.7760680320384073E9 8.054522994421184E8 -1.9516992406604366E9
2043-05-09_10:54:22 1.75063901025612E9 7.94679939054382E8 -1.977409276853571E9
2043-07-10_01:15:29 1.724899996741861E9 7.837666833993288E8 -2.0027605269300814E9
2043-09-09_15:36:36 1.6988552661434128E9 7.727143749562565E8 -2.027749411908426E9
2043-11-10_05:57:43 1.672508713971271E9 7.615246373869145E8 -2.0523713853139772E9
2044-01-10_20:18:51 1.6458651603017364E9 7.501995093198031E8 -2.0766219236054556E9
2044-03-12_10:39:58 1.618929108358264E9 7.387409382633481E8 -2.1004972434839513E9
2044-05-13_01:01:05 1.591704267648573E9 7.271505004040381E8 -2.123993183706985E9
2044-07-13_15:22:12 1.5641952931070921E9 7.154301424319142E8 -2.1471043693202362E9
2044-09-13_05:43:19 1.5364080113910172E9 7.035823713553318E8 -2.169826750174963E9
2044-11-13_20:04:27 1.5083469892250025E9 6.916091809255799E8 -2.192157796634155E9
2045-01-14_10:25:34 1.4800157332606757E9 6.795120478055809E8 -2.2140937792667513E9
2045-03-17_00:46:41 1.4514187236249952E9 6.672928491240857E8 -2.2356297096519985E9
2045-05-17_15:07:48 1.4225613490666485E9 6.54953917429829E8 -2.2567617259470468E9
2045-07-18_05:28:55 1.3934480182944226E9 6.424971634934523E8 -2.2774865965066724E9
2045-09-17_19:50:03 1.36408323616652E9 6.299244857129173E8 -2.2977999946724877E9
2045-11-18_10:11:10 1.3344724136562107E9 6.172381979543355E8 -2.317698192124587E9
2046-01-19_00:32:17 1.3046203066222768E9 6.044403784075333E8 -2.3371786526254134E9
2046-03-21_14:53:24 1.2745304669459128E9 5.915325407403846E8 -2.356237790113596E9
2046-05-22_05:14:31 1.244207583272654E9 5.78516647890388E8 -2.374870481296183E9
2046-07-22_19:35:39 1.2136577604419236E9 5.653953342369906E8 -2.3930729931443324E9
2046-09-22_09:56:46 1.1828859952594447E9 5.521707833106543E8 -2.410842772153113E9
2046-11-23_00:17:53 1.1518965090466056E9 5.388447890062284E8 -2.4281765214406853E9
2047-01-23_14:39:00 1.1206942754302886E9 5.254194536047543E8 -2.445070176425937E9
2047-03-26_05:00:07 1.0892846655001817E9 5.118971048997443E8 -2.4615204213269176E9
2047-05-26_19:21:15 1.0576721820479696E9 4.982796877792304E8 -2.47752395494064E9
2047-07-27_09:42:22 1.0258619717373763E9 4.8456937345079803E8 -2.4930763699188914E9
2047-09-27_00:03:29 9.938603290283761E8 4.7076885967209935E8 -2.508174055013241E9
2047-11-27_14:24:36 9.616728660799417E8 4.568805997435539E8 -2.5228148267392287E9
2048-01-28_04:45:43 9.293038719971523E8 4.429064325963109E8 -2.536995892782575E9
2048-03-29_19:06:51 8.96758515032339E8 4.288485286169906E8 -2.550712705305642E9
2048-05-30_09:27:58 8.640433241851116E8 4.1470969969333166E8 -2.5639615733742757E9
2048-07-30_23:49:05 8.31164226618821E8 4.004925302395268E8 -2.576740068569998E9
2048-09-30_14:10:12 7.981266581351161E8 3.8619934039123183E8 -2.5890451500676527E9
2048-12-01_04:31:19 7.649368384896395E8 3.7183277978520477E8 -2.600873421682563E9
2049-01-31_18:52:27 7.316010954068469E8 3.5739560473571086E8 -2.61222277392163E9
2049-04-03_09:13:34 6.98124497251423E8 3.4289001086198854E8 -2.623090769012331E9
2049-06-03_23:34:41 6.64512889980407E8 3.28318471986848E8 -2.633473431599899E9
2049-08-04_13:55:48 6.307736642592127E8 3.1368416537542075E8 -2.643367593562018E9
2049-10-05_04:16:55 5.969137266707782E8 2.98990118622999E8 -2.65277199414605E9
2049-12-05_18:38:03 5.62938502577773E8 2.8423867868885285E8 -2.6616849892595525E9
2050-02-05_08:59:10 5.2885409198094356E8 2.6943243834539557E8 -2.670103405867916E9
2050-04-07_23:20:17 4.946675971269896E8 2.5457447844880462E8 -2.6780250850671105E9
2050-06-08_13:41:24 4.6038539180715215E8 2.396675875334587E8 -2.6854484874137692E9
2050-08-09_04:02:31 4.260137852120915E8 2.2471447376609734E8 -2.6923712557160134E9
2050-10-09_18:23:39 3.9156022209218526E8 2.0971833947549397E8 -2.6987912699382443E9
2050-12-10_08:44:46 3.5703191916038567E8 1.946823550889163E8 -2.704708196607902E9
2051-02-09_23:05:53 3.224343999199858E8 1.7960893909145582E8 -2.7101212719902735E9
2051-04-12_13:27:00 2.877738054772828E8 1.6450071496103463E8 -2.7150279708365836E9
2051-06-13_03:48:07 2.5305783505830047E8 1.4936101597174302E8 -2.719426526807739E9
2051-08-13_18:09:15 2.1829387260978112E8 1.3419309411838883E8 -2.7233167370262694E9
2051-10-14_08:30:22 1.8348809309258366E8 1.1899964139008775E8 -2.7266981195015583E9
2051-12-14_22:51:29 1.4864732912281522E8 1.037836025090363E8 -2.729569554369744E9
2052-02-14_13:12:36 1.1377881386132972E8 8.854814739147122E7 -2.731930851991641E9
2052-04-16_03:33:43 7.88887384008955E7 7.329600851748984E7 -2.7337819379361777E9
2052-06-16_17:54:51 4.398342485548067E7 5.802992088260617E7 -2.735121785348126E9
2052-08-17_08:15:58 9070687.302556258 4.2753268518909216E7 -2.7359495028368545E9
2052-10-17_22:37:05 -2.584182240601928E7 2.746943502066318E7 -2.7362662084037395E9
2052-12-18_12:58:12 -6.074829783984419E7 1.2180991746751297E7 -2.7360730021410565E9
2053-02-18_03:19:19 -9.564262598495436E7 -3109416.595213126 -2.7353694081226044E9
2053-04-20_17:40:27 -1.3051745628740802E8 -1.8398581937817786E7 -2.7341551832275467E9
2053-06-21_08:01:34 -1.6536571571198362E8 -3.3683366583271034E7 -2.7324314143612022E9
2053-08-21_22:22:41 -2.0018113967457998E8 -4.896101978295325E7 -2.730198864275937E9
2053-10-22_12:43:48 -2.3495650819884795E8 -6.422840629465872E7 -2.727457723009608E9
2053-12-23_03:04:55 -2.696845316531402E8 -7.94822989239035E7 -2.724209832890157E9
2054-02-22_17:26:03 -3.04359417840133E8 -9.472010717113061E7 -2.720457106913593E9
2054-04-25_07:47:10 -3.3897537218407655E8 -1.0993930337395053E8 -2.7161997829727564E9
2054-06-25_22:08:17 -3.7352493793826836E8 -1.2513663617730579E8 -2.7114382441949635E9
2054-08-26_12:29:24 -4.080006320049646E8 -1.403087749126224E8 -2.706174902502176E9
2054-10-27_02:50:31 -4.4239657855557156E8 -1.55453098981665E8 -2.700412112377962E9
2054-12-27_17:11:39 -4.76706722896164E8 -1.705669604092948E8 -2.694151167013036E9
2055-02-27_07:32:46 -5.109243042846048E8 -1.856473737430777E8 -2.6873938190091066E9
2055-04-29_21:53:53 -5.450431231791031E8 -2.0069155803664997E8 -2.680142506429381E9
2055-06-30_12:15:00 -5.790575124931848E8 -2.1569700746539447E8 -2.672398803876432E9
2055-08-31_02:36:07 -6.129604976123449E8 -2.3066067198859662E8 -2.6641641614395723E9
2055-10-31_16:57:15 -6.467450024118102E8 -2.4557939547548172E8 -2.655441797057686E9
2056-01-01_07:18:22 -6.804056460841851E8 -2.6045074343197477E8 -2.6462351500121136E9
2056-03-02_21:39:29 -7.1393746831842E8 -2.752725219649102E8 -2.636546191266962E9
2056-05-03_12:00:36 -7.473340313074737E8 -2.9004189868400276E8 -2.6263765039250607E9
2056-07-04_02:21:43 -7.805887646186203E8 -3.0475592427190435E8 -2.615729351426241E9
2056-09-03_16:42:51 -8.13696319632071E8 -3.1941219490607876E8 -2.604607941797818E9
2056-11-04_07:03:58 -8.46651019662689E8 -3.3400820864057946E8 -2.593014754494668E9
2057-01-04_21:25:05 -8.794467693989388E8 -3.4854124527246505E8 -2.580953063734748E9
2057-03-07_11:46:12 -9.120784883858255E8 -3.630089897598537E8 -2.56842667185996E9
2057-05-08_02:07:19 -9.445418160799656E8 -3.7740948866797733E8 -2.555438029629369E9
2057-07-08_16:28:27 -9.768307581796526E8 -3.9174010687041295E8 -2.541989105327771E9
2057-09-08_06:49:34 -1.0089389046613351E9 -4.059979698728892E8 -2.5280837508341937E9
2057-11-08_21:10:41 -1.0408615062603728E9 -4.201809100456827E8 -2.513726327000287E9
2058-01-09_11:31:48 -1.07259440428045E9 -4.3428707076801825E8 -2.498919774464949E9
2058-03-12_01:52:55 -1.1041322610597115E9 -4.483140826558397E8 -2.4836667131193376E9
2058-05-12_16:14:03 -1.135469869244035E9 -4.6225958268201363E8 -2.4679709425050554E9
2058-07-13_06:35:10 -1.1666029593265932E9 -4.761216395588532E8 -2.4518356834166446E9
2058-09-12_20:56:17 -1.1975263671594026E9 -4.898979769733177E8 -2.435263583748908E9
2058-11-13_11:17:24 -1.2282343890840027E9 -5.0358604486576945E8 -2.418258482611371E9
2059-01-14_01:38:31 -1.2587228037630105E9 -5.1718390054610705E8 -2.400824996810597E9
2059-03-16_15:59:39 -1.2889882237221017E9 -5.3069001520086515E8 -2.3829659516499963E9
2059-05-17_06:20:46 -1.3190255552311337E9 -5.441021464096701E8 -2.3646834711108603E9
2059-07-17_20:41:53 -1.348829231100151E9 -5.574177926969262E8 -2.3459813886694107E9
2059-09-17_11:03:00 -1.3783948136905468E9 -5.706349374054404E8 -2.3268638659791183E9
2059-11-18_01:24:07 -1.4077181576611476E9 -5.837517390664735E8 -2.3073341717657094E9
2060-01-18_15:45:15 -1.4367942631801732E9 -5.967659752245938E8 -2.2873956749586573E9
2060-03-20_06:06:22 -1.4656187226776881E9 -6.096756339348477E8 -2.267052606923162E9
2060-05-20_20:27:29 -1.494187889297037E9 -6.22479063830207E8 -2.2463081788031845E9
2060-07-21_10:48:36 -1.5224968313731785E9 -6.351740976637093E8 -2.2251649734413E9
2060-09-21_01:09:43 -1.5505398478050463E9 -6.477581935117775E8 -2.203626983746361E9
2060-11-21_15:30:51 -1.5783125865335379E9 -6.602293610660325E8 -2.181699314948291E9
2061-01-22_05:51:58 -1.6058117261935403E9 -6.725861022367063E8 -2.1593856643855863E9
2061-03-24_20:13:05 -1.633032606843905E9 -6.848263578585947E8 -2.1366888725497773E9
2061-05-25_10:34:12 -1.6599701783990664E9 -6.969478504743568E8 -2.1136130389765096E9
2061-07-26_00:55:19 -1.6866202358675146E9 -7.089486685277071E8 -2.0901626672042391E9
2061-09-25_15:16:27 -1.7129783691126986E9 -7.208268587980953E8 -2.0663413530536325E9
2061-11-26_05:37:34 -1.7390393636430864E9 -7.325801004323138E8 -2.0421533300087883E9
2062-01-26_19:58:41 -1.7647991336131785E9 -7.442065126483778E8 -2.0176042163736527E9
2062-03-29_10:19:48 -1.7902544895413542E9 -7.557046367315589E8 -1.9926980973430464E9
2062-05-30_00:40:55 -1.8154010153120818E9 -7.67072519740394E8 -1.9674380138937085E9
2062-07-30_15:02:03 -1.8402333631908596E9 -7.783077630195011E8 -1.9418285955864952E9
2062-09-30_05:23:10 -1.8647472258196368E9 -7.894083921078155E8 -1.9158757436823044E9
2062-11-30_19:44:17 -1.8889392263480973E9 -8.003728794995763E8 -1.8895840229442067E9
2063-01-31_10:05:24 -1.9128051302519507E9 -8.111993331413996E8 -1.8629576987944615E9
2063-04-03_00:26:31 -1.9363407676750546E9 -8.218858402770661E8 -1.83600219214124E9
2063-06-03_14:47:39 -1.959542646238647E9 -8.324307912697259E8 -1.8087224190430954E9
2063-08-04_05:08:46 -1.9824068757546828E9 -8.428324483453016E8 -1.7811224247756941E9
2063-10-04_19:29:53 -2.0049284782119975E9 -8.530885788766338E8 -1.7532074880957782E9
2063-12-05_09:51:00 -2.0271036154652154E9 -8.631974008340857E8 -1.724984278972928E9
2064-02-05_00:12:07 -2.0489298663225935E9 -8.7315777774138E8 -1.6964580598673542E9
2064-04-06_14:33:15 -2.0704037956849298E9 -8.829681642265952E8 -1.6676330224679034E9
2064-06-07_04:54:22 -2.0915209566620617E9 -8.926265367810745E8 -1.6385144434212549E9
2064-08-07_19:15:29 -2.1122778465003524E9 -9.021312629102839E8 -1.6091085273727398E9
2064-10-08_09:36:36 -2.132671491118972E9 -9.114809825706342E8 -1.5794205194605277E9
2064-12-08_23:57:43 -2.1526980341179824E9 -9.206739534256585E8 -1.549455934940172E9
2065-02-08_14:18:51 -2.1723542270851626E9 -9.297086489419135E8 -1.5192212786283088E9
2065-04-11_04:39:58 -2.191637921569648E9 -9.385840320523858E8 -1.4887222988240552E9
2065-06-11_19:01:05 -2.2105462111980057E9 -9.472987802627552E8 -1.4579635413102553E9
2065-08-12_09:22:12 -2.2290747989267516E9 -9.558509435129758E8 -1.4269506007753959E9
2065-10-12_23:43:19 -2.2472206357407823E9 -9.642390745637269E8 -1.395690711815412E9
2065-12-13_14:04:27 -2.2649818898101697E9 -9.724622873347057E8 -1.364190127154281E9
2066-02-13_04:25:34 -2.282356049343246E9 -9.805194239065932E8 -1.3324541422796006E9
2066-04-15_18:46:41 -2.2993401096356134E9 -9.884090711139318E8 -1.3004887150012197E9
2066-06-16_09:07:48 -2.315931907268423E9 -9.961301701791061E8 -1.268300357789454E9
2066-08-16_23:28:55 -2.3321292538841558E9 -1.0036816962126253E9 -1.235894563245168E9
2066-10-17_13:50:03 -2.347928895036862E9 -1.0110621571516402E9 -1.2032772905033917E9
2066-12-18_04:11:10 -2.363328596866529E9 -1.0182704570859076E9 -1.170455973107164E9
2067-02-17_18:32:17 -2.3783274221179156E9 -1.025306079311629E9 -1.1374373703767526E9
2067-04-20_08:53:24 -2.392923775212839E9 -1.0321682607055465E9 -1.1042264761526856E9
2067-06-20_23:14:31 -2.4071148451111565E9 -1.0388556822460445E9 -1.0708290941312863E9
2067-08-21_13:35:39 -2.420898631787268E9 -1.0453673464432102E9 -1.0372526445520749E9
2067-10-22_03:56:46 -2.4342739919211226E9 -1.0517026645266372E9 -1.0035037151017953E9
2067-12-22_18:17:53 -2.4472394367576585E9 -1.0578609142138654E9 -9.695882786004071E8
2068-02-22_08:39:00 -2.459793399312878E9 -1.0638412961392368E9 -9.355132061650935E8
2068-04-23_23:00:07 -2.471935296249506E9 -1.0696434342096978E9 -9.012853971724797E8
2068-06-24_13:21:15 -2.4836643376117134E9 -1.0752669074752357E9 -8.669100877798915E8
2068-08-25_03:42:22 -2.494978455150564E9 -1.0807107306669016E9 -8.323932371900163E8
2068-10-25_18:03:29 -2.5058762140900536E9 -1.0859741520594823E9 -7.977425577185521E8
2068-12-26_08:24:36 -2.5163578133177094E9 -1.091057151584378E9 -7.629651367720424E8
2069-02-25_22:45:43 -2.5264232972555966E9 -1.0959596771518803E9 -7.280663652748417E8
2069-04-28_13:06:51 -2.536071300867949E9 -1.1006810331630483E9 -6.930522199475665E8
2069-06-29_03:27:58 -2.545301352852432E9 -1.1052208889411933E9 -6.579296338990082E8
2069-08-29_17:49:05 -2.554113586787128E9 -1.1095792178694136E9 -6.227045391328312E8
2069-10-30_08:10:12 -2.562507201536593E9 -1.1137556001515281E9 -5.873827975266203E8
2069-12-30_22:31:19 -2.5704816657314224E9 -1.1177496907654552E9 -5.519714682009851E8
2070-03-02_12:52:27 -2.578038124750846E9 -1.121561877139702E9 -5.1647724521956575E8
2070-05-03_03:13:34 -2.585177273776112E9 -1.1251923962385511E9 -4.8090485712448007E8
2070-07-03_17:34:41 -2.591898086521058E9 -1.1286407230077248E9 -4.452595435104549E8
2070-09-03_07:55:48 -2.5982002323198414E9 -1.1319065979382575E9 -4.09548014847444E8
2070-11-03_22:16:55 -2.6040846998285108E9 -1.134990364587696E9 -3.737766275401311E8
2071-01-04_12:38:03 -2.6095520366619864E9 -1.1378922072719736E9 -3.379505546047082E8
2071-03-07_02:59:10 -2.6146021888811307E9 -1.1406120141954322E9 -3.0207545676241004E8
2071-05-07_17:20:17 -2.619236066142816E9 -1.1431500757884736E9 -2.6615727083235347E8
2071-07-08_07:41:24 -2.623454435097533E9 -1.1455066641324575E9 -2.302007941317084E8
2071-09-07_22:02:31 -2.627256915927579E9 -1.1476815599236412E9 -1.942108895790553E8
2071-11-08_12:23:39 -2.63064330359627E9 -1.1496745772400048E9 -1.5819380468189028E8
2072-01-09_02:44:46 -2.63361515790244E9 -1.1514863088374965E9 -1.2215582000673243E8
2072-03-10_17:05:53 -2.636173789521335E9 -1.1531172829840415E9 -8.610131626673903E7
2072-05-11_07:27:00 -2.6383189825972495E9 -1.1545673429624157E9 -5.003470025614022E7
2072-07-11_21:48:07 -2.640050858590379E9 -1.155836443576788E9 -1.3961593875030765E7
2072-09-11_12:09:15 -2.641370333920333E9 -1.1569249185502927E9 2.2112475986297823E7
2072-11-12_02:30:22 -2.642277848115461E9 -1.1578329215179198E9 5.818286238159824E7
2073-01-12_16:51:29 -2.6427734513093843E9 -1.1585603973392775E9 9.424402246233292E7
2073-03-15_07:12:36 -2.6428585604422464E9 -1.1591078740667913E9 1.3029006268168093E8
2073-05-15_21:33:43 -2.6425344993707576E9 -1.1594758836419802E9 1.6631671520353308E8
2073-07-16_11:54:51 -2.6418010029896045E9 -1.1596642645931454E9 2.023199291689878E8
2073-09-16_02:15:58 -2.6406577720239315E9 -1.159672794891455E9 2.3829380668199226E8
2073-11-16_16:37:05 -2.639106210522159E9 -1.159502010099832E9 2.7423212182291305E8
2074-01-17_06:58:12 -2.637147702882605E9 -1.1591524796406438E9 3.1013043736359966E8
2074-03-19_21:19:19 -2.634782556457804E9 -1.1586242767672112E9 3.459840689999522E8
2074-05-20_11:40:27 -2.632011465633622E9 -1.1579176093103518E9 3.8178742839578164E8
2074-07-21_02:01:34 -2.628835716501845E9 -1.1570329789127614E9 4.1753562673313934E8
2074-09-20_16:22:41 -2.6252555849581695E9 -1.1559704675895088E9 4.532243289145865E8
2074-11-21_06:43:48 -2.621271065944607E9 -1.1547299905252159E9 4.888475264730491E8
2075-01-21_21:04:55 -2.6168840237860937E9 -1.1533122725648708E9 5.243989935876021E8
2075-03-24_11:26:03 -2.612096388667425E9 -1.151718114207776E9 5.598743751163571E8
2075-05-25_01:47:10 -2.606908594551646E9 -1.1499476558258977E9 5.952695252220309E8
2075-07-25_16:08:17 -2.6013208341936603E9 -1.148000884440478E9 6.305787547722131E8
2075-09-25_06:29:24 -2.5953346539311333E9 -1.1458783973604465E9 6.657962579086082E8
2075-11-25_20:50:31 -2.5889514533634834E9 -1.1435807683108938E9 7.009173045742738E8
2076-01-26_11:11:39 -2.5821720720460186E9 -1.1411082956580696E9 7.35936518028944E8
2076-03-28_01:32:46 -2.574998172297518E9 -1.1384616077319005E9 7.708482061958735E8
2076-05-28_15:53:53 -2.567431775199496E9 -1.13564152938375E9 8.056477327617512E8
2076-07-29_06:15:00 -2.559473708797326E9 -1.1326483804763505E9 8.403309610008332E8
2076-09-28_20:36:07 -2.5511242667966847E9 -1.129482197574865E9 8.748920398117505E8
2076-11-29_10:57:15 -2.5423854152170997E9 -1.126143745856967E9 9.093246519942951E8
2077-01-30_01:18:22 -2.53325980064193E9 -1.1226341397089148E9 9.436239778802342E8
2077-04-01_15:39:29 -2.5237488401878576E9 -1.1189539454453628E9 9.777856392272311E8
2077-06-02_06:00:36 -2.5138535383788867E9 -1.115103500061026E9 1.0118042360950973E9
2077-08-02_20:21:43 -2.503576122869647E9 -1.111083699803982E9 1.0456744152797322E9
2077-10-03_10:42:51 -2.492918298731516E9 -1.1068952495761492E9 1.0793915985244772E9
2077-12-04_01:03:58 -2.4818811143629694E9 -1.1025385296125574E9 1.1129502414732218E9
2078-02-03_15:25:05 -2.47046695230449E9 -1.0980144791378877E9 1.1463442878276637E9
2078-04-06_05:46:12 -2.458679075420726E9 -1.0933244703786743E9 1.1795690290167444E9
2078-06-06_20:07:19 -2.4465190928962684E9 -1.0884691638101802E9 1.2126207127075942E9
2078-08-07_10:28:27 -2.4339878452147346E9 -1.0834488283283596E9 1.245493919710069E9
2078-10-08_00:49:34 -2.4210879150989633E9 -1.0782644971369538E9 1.2781825643873193E9
2078-12-08_15:10:41 -2.407822196627706E9 -1.0729173906968477E9 1.3106817161976879E9
2079-02-08_05:31:48 -2.394192779095297E9 -1.0674083637359823E9 1.3429867857816312E9
2079-04-10_19:52:55 -2.3802020440646615E9 -1.0617383534681975E9 1.3750922954530313E9
2079-06-11_10:14:03 -2.3658532419305534E9 -1.055908707113021E9 1.4069933533333423E9
2079-08-12_00:35:10 -2.351148591290584E9 -1.0499203547092438E9 1.4386861221192763E9
2079-10-12_14:56:17 -2.336089677801377E9 -1.0437739041187319E9 1.470165286777824E9
2079-12-13_05:17:24 -2.320679548422439E9 -1.0374705799556751E9 1.501424624922922E9
2080-02-12_19:38:31 -2.304922281137652E9 -1.0310121129664612E9 1.532459499748971E9
2080-04-14_09:59:39 -2.2888206997868943E9 -1.0243996968729542E9 1.5632664384573374E9
2080-06-15_00:20:46 -2.272376974350377E9 -1.0176341815417756E9 1.593840478919508E9
2080-08-15_14:41:53 -2.2555943667977667E9 -1.0107168997639036E9 1.6241763742038343E9
2080-10-16_05:03:00 -2.238476286515566E9 -1.0036493007570317E9 1.6542699219229145E9
2080-12-16_19:24:07 -2.221025561746376E9 -9.964325591399958E8 1.6841165464553459E9
2081-02-16_09:45:15 -2.2032456372101626E9 -9.890680763438795E8 1.7137107851099684E9
2081-04-19_00:06:22 -2.1851411111714897E9 -9.815578014884701E8 1.7430485790330298E9
2081-06-19_14:27:29 -2.166715336985267E9 -9.739031726217314E8 1.7721270324165316E9
2081-08-20_04:48:36 -2.1479707311727386E9 -9.661051659135413E8 1.8009417392863119E9
2081-10-20_19:09:43 -2.1289108699856112E9 -9.581652445582556E8 1.82948742023164E9
2081-12-21_09:30:51 -2.1095404745250423E9 -9.500854324877552E8 1.85776005926335E9
2082-02-20_23:51:58 -2.0898633671851418E9 -9.418673714281919E8 1.8857565721042128E9
2082-04-23_14:13:05 -2.069882852518078E9 -9.335124210411899E8 1.913472863812632E9
2082-06-24_04:34:12 -2.04960320858494E9 -9.250223824505293E8 1.9409052462938006E9
2082-08-24_18:55:19 -2.029028355140404E9 -9.163989504158288E8 1.968050893201645E9
2082-10-25_09:16:27 -2.008161225109518E9 -9.076433585562683E8 1.994906207665506E9
2082-12-25_23:37:34 -1.9870056654177108E9 -8.987572001715859E8 2.02146660372582E9
2083-02-25_13:58:41 -1.9655669557281208E9 -8.897427469249414E8 2.0477288518581705E9
2083-04-28_04:19:48 -1.9438490808252623E9 -8.806017394094056E8 2.0736911242906191E9
2083-06-28_18:40:55 -1.9218548736144238E9 -8.713353610506119E8 2.0993505740597792E9
2083-08-29_09:02:03 -1.8995880700178304E9 -8.619451718466501E8 2.1247035004277987E9
2083-10-29_23:23:10 -1.8770531212798998E9 -8.524331016932725E8 2.1497469632270384E9
2083-12-30_13:44:17 -1.8542534856657705E9 -8.428006505430856E8 2.174478546058741E9
2084-03-01_04:05:24 -1.8311928381312664E9 -8.330493617127128E8 2.198894992236139E9
2084-05-01_18:26:31 -1.8078757961495173E9 -8.231812121592606E8 2.2229935958297386E9
2084-07-02_08:47:39 -1.7843060820625489E9 -8.131978377804632E8 2.246772823505267E9
2084-09-01_23:08:46 -1.7604862873772967E9 -8.031003457704179E8 2.270230507540983E9
2084-11-02_13:29:53 -1.7364197966504126E9 -7.928901413215344E8 2.293362707998237E9
2085-01-03_03:51:00 -1.7121113906478739E9 -7.825692923529814E8 2.3161665143743606E9
2085-03-05_18:12:07 -1.6875649224690204E9 -7.721394992669457E8 2.338640636703182E9
2085-05-06_08:33:15 -1.6627834258952508E9 -7.616020494052888E8 2.3607828819077983E9
2085-07-06_22:54:22 -1.637770508343244E9 -7.509584632447903E8 2.3825903363029532E9
2085-09-06_13:15:29 -1.612530028565287E9 -7.402104290400252E8 2.4040610695546846E9
2085-11-07_03:36:36 -1.5870648585517528E9 -7.293591983484267E8 2.4251931372022786E9
2086-01-07_17:57:43 -1.5613783478643508E9 -7.184061704015363E8 2.4459829714221516E9
2086-03-10_08:18:51 -1.5354751401090014E9 -7.073533417068783E8 2.466428007593001E9
2086-05-10_22:39:58 -1.509359126208597E9 -6.962024363883203E8 2.4865273584921E9
2086-07-11_13:01:05 -1.4830327690560763E9 -6.849545108579851E8 2.506279244812567E9
2086-09-11_03:22:12 -1.456499188743749E9 -6.736108598887725E8 2.5256802719549146E9
2086-11-11_17:43:19 -1.4297627180936644E9 -6.621733604479941E8 2.5447279034776554E9
2087-01-12_08:04:27 -1.4028269479651854E9 -6.50643593963553E8 2.5634204631514006E9
2087-03-14_22:25:34 -1.3756952072917295E9 -6.390229737303058E8 2.581755535439396E9
2087-05-15_12:46:41 -1.348371499880459E9 -6.273132008442668E8 2.5997306528808722E9
2087-07-16_03:07:48 -1.3208597377238429E9 -6.1551599624196E8 2.6173445195146365E9
2087-09-15_17:28:55 -1.29316251498555E9 -6.036324898948914E8 2.6345954504205947E9
2087-11-16_07:50:03 -1.265283014102751E9 -5.916640041148696E8 2.651479985575423E9
2088-01-16_22:11:10 -1.2372259198773966E9 -5.796125503725284E8 2.6679953889580927E9
2088-03-18_12:32:17 -1.208995459643571E9 -5.674799974214813E8 2.68414052354118E9
2088-05-19_02:53:24 -1.1805945923671055E9 -5.552676213012395E8 2.69991398147089E9
2088-07-19_17:14:31 -1.1520266779311707E9 -5.42976826349084E8 2.715312961956109E9
2088-09-19_07:35:39 -1.1232959476006777E9 -5.3060944862207186E8 2.730335368040783E9
2088-11-19_21:56:46 -1.0944058289436133E9 -5.1816699420377547E8 2.744979559807593E9
2089-01-20_12:17:53 -1.0653597868400162E9 -5.056509262136747E8 2.7592428280326447E9
2089-03-23_02:39:00 -1.0361624505319175E9 -4.930632171527674E8 2.773122662620409E9
2089-05-23_17:00:07 -1.0068182857459918E9 -4.804058347843624E8 2.786618166743971E9
2089-07-24_07:21:15 -9.773300462841932E8 -4.6767998250713986E8 2.799728263752405E9
2089-09-23_21:42:22 -9.477009522936859E8 -4.548869985257321E8 2.8124499177415E9
2089-11-24_12:03:29 -9.17935713240754E8 -4.420289011019773E8 2.824780396008612E9
2090-01-25_02:24:36 -8.880387740418615E8 -4.2910764868799657E8 2.83671845768223E9
2090-03-27_16:45:43 -8.580136347194887E8 -4.161247472930726E8 2.848262589576386E9
2090-05-28_07:06:51 -8.278644288287628E8 -4.0308194117302895E8 2.859410361505455E9
2090-07-28_21:27:58 -7.975957107302146E8 -3.8998121600456214E8 2.870160484056491E9
2090-09-28_11:49:05 -7.672107996626431E8 -3.768240305854161E8 2.8805117283012576E9
2090-11-29_02:10:12 -7.367132860189493E8 -3.636118950512145E8 2.8904613292993965E9
2091-01-29_16:31:19 -7.0610830539201E8 -3.503469971018356E8 2.90000663349644E9
2091-04-01_06:52:27 -6.754009823143357E8 -3.3703159275333774E8 2.9091469835563445E9
2091-06-01_21:13:34 -6.445947159908828E8 -3.236671679570011E8 2.9178816599606757E9
2091-08-02_11:34:41 -6.136932405428269E8 -3.102552896600093E8 2.926208267145035E9
2091-10-03_01:55:48 -5.827014249390874E8 -2.9679805322938824E8 2.9341248409330726E9
2091-12-03_16:16:55 -5.516237824150769E8 -2.832974420982562E8 2.9416301350700445E9
2092-02-03_06:38:03 -5.2046437478566957E8 -2.6975519931469643E8 2.948722456554058E9
2092-04-04_20:59:10 -4.892283216115486E8 -2.5617350225244918E8 2.9553997941250515E9
2092-06-05_11:20:17 -4.579209141577073E8 -2.425546663484596E8 2.961661548373334E9
2092-08-06_01:41:24 -4.2654589631866235E8 -2.2890034372940585E8 2.967507286772558E9
2092-10-06_16:02:31 -3.9510712433119553E8 -2.1521216662906232E8 2.9729349757465796E9
2092-12-07_06:23:39 -3.6361005714458835E8 -2.0149246704937103E8 2.9779423402204857E9
2093-02-06_20:44:46 -3.320603951420827E8 -1.877437529662295E8 2.982528918869769E9
2093-04-09_11:05:53 -3.004624337702927E8 -1.7396790651130688E8 2.9866945428720164E9
2093-06-10_01:27:00 -2.6882079398200417E8 -1.601668960030234E8 2.990437903218047E9
2093-08-10_15:48:07 -2.3714076478692216E8 -1.4634301802530885E8 2.993758194401336E9
2093-10-11_06:09:15 -2.0542696861427674E8 -1.3249832028557266E8 2.9966553213558674E9
2093-12-11_20:30:22 -1.7368365812288463E8 -1.1863463705897632E8 2.99912819635447E9
2094-02-11_10:51:29 -1.41916561007652E8 -1.0475441975389448E8 3.001175311549703E9
2094-04-14_01:12:36 -1.1013171818153104E8 -9.08603313196793E7 3.0027972914784184E9
2094-06-14_15:33:43 -7.833339543838468E7 -7.695427309359498E7 3.0039950330504675E9
2094-08-15_05:54:51 -4.65256242494783E7 -6.303797796469447E7 3.0047679255232277E9
2094-10-15_20:15:58 -1.471377281316099E7 -4.911376621076131E7 3.0051151742893066E9
2094-12-16_10:37:05 1.709662725158909E7 -3.518409193942534E7 3.0050373041779165E9
2095-02-16_00:58:12 4.890112514586868E7 -2.1250919061172895E7 3.0045348322594056E9
2095-04-18_15:19:19 8.069464747987126E7 -7316436.802607043 3.003607683413733E9
2095-06-19_05:40:27 1.1247175011994043E8 6616957.285630696 3.00225678182868E9
2095-08-19_20:01:34 1.4422819002986333E8 2.0547352327875704E7 3.000483486312362E9
2095-10-20_10:22:41 1.7596032216548073E8 3.4473154147610806E7 2.998287900123763E9
2095-12-21_00:43:48 2.0766286911138135E8 4.8392084187384464E7 2.995669514028562E9
2096-02-20_15:04:55 2.393300390518654E8 6.2301571505646415E7 2.9926295596424255E9
2096-04-22_05:26:03 2.7095763058434236E8 7.619972322792858E7 2.989169928058298E9
2096-06-22_19:47:10 3.025418315287688E8 9.008487587562719E7 2.9852913623560314E9
2096-08-23_10:08:17 3.340779069039281E8 1.039549586418995E8 2.9809942358510227E9
2096-10-24_00:29:24 3.655612926757271E8 1.1780791797637938E8 2.9762800011689005E9
2096-12-24_14:50:31 3.9698832552431357E8 1.3164212243710811E8 2.9711495508161397E9
2097-02-24_05:11:39 4.283542638599931E8 1.4545551807481807E8 2.9656030995897403E9
2097-04-26_19:32:46 4.596538214885626E8 1.592457626184953E8 2.9596421904774547E9
2097-06-27_09:53:53 4.9088317636134964E8 1.7301111230671448E8 2.9532691592956758E9
2097-08-28_00:15:00 5.2203947140892804E8 1.867503016037458E8 2.9464848805947533E9
2097-10-28_14:36:07 5.531182572562577E8 2.0046140244845915E8 2.9392891545558057E9
2097-12-29_04:57:15 5.841144683800106E8 2.1414215439350784E8 2.9316834196519628E9
2098-02-28_19:18:22 6.150242645798122E8 2.2779082359506223E8 2.9236695559265037E9
2098-05-01_09:39:29 6.458438569864279E8 2.414057560108429E8 2.915248464017771E9
2098-07-02_00:00:36 6.765686766899804E8 2.549849421734132E8 2.906421256135543E9
2098-09-01_14:21:43 7.07194878330385E8 2.685266322966312E8 2.897190055956072E9
2098-11-02_04:42:51 7.377196054455986E8 2.820295461713151E8 2.8875558038105454E9
2099-01-02_19:03:58 7.681384755292631E8 2.954917900341606E8 2.8775184550988545E9
2099-03-05_09:25:05 7.984462920179226E8 3.089110619330511E8 2.867079625563779E9
2099-05-05_23:46:12 8.286392502347835E8 3.2228562791485274E8 2.856241942764587E9
2099-07-06_14:07:19 8.587145008329412E8 3.356142270184576E8 2.8450065421918387E9
2099-09-06_04:28:27 8.886679790309095E8 3.488950894656066E8 2.8333739109298377E9
2099-11-06_18:49:34 9.184953382356447E8 3.621262650675563E8 2.8213457144257703E9
2100-01-07_09:10:41 9.481930381706971E8 3.7530616124698037E8 2.8089233779903307E9
2100-03-09_23:31:48 9.777570992929907E8 3.8843304715508276E8 2.796107751577414E9
2100-05-10_13:52:55 1.0071827177583557E9 4.0150480947119796E8 2.7829003872878327E9
2100-07-11_04:14:03 1.0364661207151904E9 4.145197292344832E8 2.76930389612865E9
2100-09-10_18:35:10 1.0656047418854276E9 4.274766520886221E8 2.755319590286512E9
2100-11-11_08:56:17 1.3020826432073264E9 5.331425524661753E8 2.622484110244621E9
