#time X Y Z
2018-03-23_12:38:03 1.981093435125664E7 1.537946916427155E7 -4.6187951230741635E7
2018-03-23_16:48:36 1.9243938185215775E7 1.5127491446677573E7 -4.6674641349293865E7
2018-03-23_20:59:10 1.8672998987980932E7 1.4872414238641601E7 -4.715176861776697E7
2018-03-24_01:09:43 1.809826547026362E7 1.4614315075388508E7 -4.7619315401214205E7
2018-03-24_05:20:17 1.7519884935944673E7 1.4353271048099013E7 -4.807726701356901E7
2018-03-24_09:30:51 1.6938003252639975E7 1.408935877972001E7 -4.8525611636147864E7
2018-03-24_13:41:24 1.6352764815291239E7 1.3822654397903727E7 -4.896434024415246E7
2018-03-24_17:51:58 1.5764312528705565E7 1.3553233516804554E7 -4.939344652145785E7
2018-03-24_22:02:31 1.5172787776441531E7 1.3281171212977016E7 -4.981292678845785E7
2018-03-25_02:13:05 1.4578330401939226E7 1.3006542007103628E7 -5.022277992337913E7
2018-03-25_06:23:39 1.3981078681925284E7 1.2729419842439359E7 -5.062300729135458E7
2018-03-25_10:34:12 1.3381169318486858E7 1.2449878072125789E7 -5.10136126632738E7
2018-03-25_14:44:46 1.277873741714277E7 1.216798944030483E7 -5.139460214673298E7
2018-03-25_18:55:19 1.2173916476366209E7 1.1883826068794437E7 -5.176598411157099E7
2018-03-25_23:05:53 1.1566838369962394E7 1.1597459440636149E7 -5.2127769122340925E7
2018-03-26_03:16:27 1.0957633347112825E7 1.1308960392198414E7 -5.2479969862173535E7
2018-03-26_07:27:00 1.0346430017612625E7 1.1018399098581955E7 -5.282260106786698E7
2018-03-26_11:37:34 9733355.349682376 1.072584506513441E7 -5.3155679459965706E7
2018-03-26_15:48:07 9118534.65885327 1.0431367114968818E7 -5.347922367973553E7
2018-03-26_19:58:41 8502091.614677498 1.0135033385217333E7 -5.379325421852837E7
2018-03-27_00:09:15 7884148.233029618 9836911.316606577 -5.409779335722913E7
2018-03-27_04:19:48 7264824.879392285 9537067.64851031 -5.439286510180052E7
2018-03-27_08:30:22 6644240.263718272 9235568.410126396 -5.467849512491599E7
2018-03-27_12:40:55 6022511.452951066 8932478.920416638 -5.495471070107437E7
2018-03-27_16:51:29 5399753.86827752 8627863.780848412 -5.522154065094351E7
2018-03-27_21:02:03 4776081.293432327 8321786.873693002 -5.547901528237454E7
2018-03-28_01:12:36 4151605.8742736964 8014311.356220202 -5.572716633692943E7
2018-03-28_05:23:10 3526438.135708548 7705499.663613477 -5.596602693092828E7
2018-03-28_09:33:43 2900686.9832707597 7395413.504511624 -5.6195631504686646E7
2018-03-28_13:44:17 2274459.7151775975 7084113.8619010635 -5.64160157690794E7
2018-03-28_17:54:51 1647862.0253732775 6771660.989692179 -5.662721665699191E7
2018-03-28_22:05:24 1020998.0245219369 6458114.418358116 -5.682927227018714E7
2018-03-29_02:15:58 393970.2441350876 6143532.952407285 -5.702222183347191E7
2018-03-29_06:26:31 -233120.34803505873 5827974.673590386 -5.720610564662157E7
2018-03-29_10:37:05 -860174.3418818469 5511496.939584907 -5.738096504061549E7
2018-03-29_14:47:39 -1487093.8617383556 5194156.391450922 -5.75468423302635E7
2018-03-29_18:58:12 -2113782.55998564 4876008.952815854 -5.770378077301146E7
2018-03-29_23:08:46 -2740145.5987152965 4557109.835123171 -5.7851824526078396E7
2018-03-30_03:19:19 -3366089.642146079 4237513.537636981 -5.799101860728336E7
2018-03-30_07:29:53 -3991522.8316278346 3917273.856433616 -5.812140885310936E7
2018-03-30_11:40:27 -4616354.776817521 3596443.8852749313 -5.824304188193343E7
2018-03-30_15:51:00 -5240496.536319898 3275076.021972192 -5.8355965056122236E7
2018-03-30_20:01:34 -5863860.60870557 2953221.969590416 -5.8460226447119445E7
2018-03-31_00:12:07 -6486360.905918889 2630932.746794089 -5.855587479866718E7
2018-03-31_04:22:41 -7107912.743355187 2308258.6897462583 -5.864295949417461E7
2018-03-31_08:33:15 -7728432.81978217 1985249.459365938 -5.8721530523399666E7
2018-03-31_12:43:48 -8347839.207004429 1661954.0436287166 -5.879163845152493E7
2018-03-31_16:54:22 -8966051.322595317 1338420.7687803528 -5.885333438719666E7
2018-03-31_21:04:55 -9582989.919570504 1014697.3018788889 -5.89066699536485E7
2018-04-01_01:15:29 -1.0198577065272253E7 690830.6590022652 -5.895169725970901E7
2018-04-01_05:26:03 -1.0812736131042989E7 366867.2079771417 -5.898846887242773E7
2018-04-01_09:36:36 -1.1425391764077902E7 42852.680468022256 -5.901703778965673E7
2018-04-01_13:47:10 -1.2036469876994858E7 -281167.8250399616 -5.9037457414581664E7
2018-04-01_17:57:43 -1.26458976267998E7 -605149.834643833 -5.90497815306024E7
2018-04-01_22:08:17 -1.3253603403578943E7 -929049.4955023333 -5.905406427737848E7
2018-04-02_02:18:51 -1.3859516803231508E7 -1252823.5637090385 -5.905036012736078E7
2018-04-02_06:29:24 -1.4463568616528E7 -1576429.4007567316 -5.903872386350383E7
2018-04-02_10:39:58 -1.5065690808141226E7 -1899824.9646066057 -5.901921055772286E7
2018-04-02_14:50:31 -1.5665816505508432E7 -2222968.805940738 -5.899187554988786E7
2018-04-02_19:01:05 -1.6263879971932597E7 -2545820.055837675 -5.89567744280554E7
2018-04-02_23:11:39 -1.685981659553882E7 -2868338.4219158613 -5.891396300903947E7
2018-04-03_03:22:12 -1.745356286880236E7 -3190484.1793188136 -5.886349732005772E7
2018-04-03_07:32:46 -1.8045056377890516E7 -3512218.166925578 -5.8805433580295116E7
2018-04-03_11:43:19 -1.8634235775750205E7 -3833501.77471665 -5.873982818467506E7
2018-04-03_15:53:53 -1.922104077159808E7 -4154296.9399261936 -5.866673768686962E7
2018-04-03_20:04:27 -1.980541211139678E7 -4474566.138185679 -5.858621878368728E7
2018-04-04_00:15:00 -2.0387291566804275E7 -4794272.37935997 -5.849832829924162E7
2018-04-04_04:25:34 -2.0966621909452263E7 -5113379.195176889 -5.8403123171635E7
2018-04-04_08:36:07 -2.154334690118888E7 -5431850.635523433 -5.83006604380262E7
2018-04-04_12:46:41 -2.2117411274204962E7 -5749651.259229679 -5.819099722198463E7
2018-04-04_16:57:15 -2.2688760721297365E7 -6066746.130309275 -5.807419071943668E7
2018-04-04_21:07:48 -2.3257341871119656E7 -6383100.8058015695 -5.795029818801347E7
2018-04-05_01:18:22 -2.382310227779736E7 -6698681.331648769 -5.7819376934534155E7
2018-04-05_05:28:55 -2.438599040316142E7 -7013454.234225706 -5.7681484304112494E7
2018-04-05_09:39:29 -2.4945955606802877E7 -7327386.516355614 -5.7536677668226175E7
2018-04-05_13:50:03 -2.550294812219943E7 -7640445.6453633355 -5.7385014416559376E7
2018-04-05_18:00:36 -2.605691904748492E7 -7952599.549337536 -5.722655194593289E7
2018-04-05_22:11:10 -2.6607820327927366E7 -8263816.608628418 -5.7061347651691526E7
2018-04-06_02:21:43 -2.7155604746591184E7 -8574065.652027555 -5.6889458917392954E7
2018-04-06_06:32:17 -2.7700225901926447E7 -8883315.945316635 -5.671094310859636E7
2018-04-06_10:42:51 -2.8241638198828287E7 -9191537.187565519 -5.6525857563427225E7
2018-04-06_14:53:24 -2.8779796831707247E7 -9498699.502782378 -5.633425958592901E7
2018-04-06_19:03:58 -2.9314657776530005E7 -9804773.436614584 -5.6136206436717704E7
2018-04-06_23:14:31 -2.9846177768538278E7 -1.0109729944841618E7 -5.593175532921391E7
2018-04-07_03:25:05 -3.0374314294215545E7 -1.0413540390004719E7 -5.572096342136226E7
2018-04-07_07:35:39 -3.0899025575889714E7 -1.0716176533638107E7 -5.550388781017904E7
2018-04-07_11:46:12 -3.1420270563355077E7 -1.1017610532733375E7 -5.528058552422006E7
2018-04-07_15:56:46 -3.1938008913500328E7 -1.1317814928974494E7 -5.505111352104525E7
2018-04-07_20:07:19 -3.2452200982428093E7 -1.1616762645388993E7 -5.481552868033952E7
2018-04-08_00:17:53 -3.296280781213235E7 -1.1914426979621464E7 -5.457388779931252E7
2018-04-08_04:28:27 -3.346979111660027E7 -1.2210781596945366E7 -5.432624758904832E7
2018-04-08_08:39:00 -3.3973113275342E7 -1.2505800527502E7 -5.407266466747936E7
2018-04-08_12:49:34 -3.447273731314676E7 -1.279945815551949E7 -5.381319555958513E7
2018-04-08_17:00:07 -3.4968626894019835E7 -1.309172921671552E7 -5.354789669095523E7
2018-04-08_21:10:41 -3.546074630684126E7 -1.338258879086814E7 -5.3276824385892026E7
2018-04-09_01:21:15 -3.594906045935356E7 -1.3672012299237467E7 -5.300003486132057E7
2018-04-09_05:31:48 -3.64335348593724E7 -1.3959975494371193E7 -5.2717584228061184E7
2018-04-09_09:42:22 -3.691413560879843E7 -1.4246454457515769E7 -5.242952848552758E7
2018-04-09_13:52:55 -3.739082939039451E7 -1.4531425591652483E7 -5.213592352072518E7
2018-04-09_18:03:29 -3.786358346264773E7 -1.4814865619284283E7 -5.1836825102601245E7
2018-04-09_22:14:03 -3.833236564123075E7 -1.5096751572311861E7 -5.153228888517821E7
2018-04-10_02:24:36 -3.8797144294410594E7 -1.5377060790051695E7 -5.122237040222158E7
2018-04-10_06:35:10 -3.925788833006709E7 -1.5655770912353046E7 -5.090712506767438E7
2018-04-10_10:45:43 -3.971456719129812E7 -1.5932859877704222E7 -5.058660817041516E7
2018-04-10_14:56:17 -4.016715083910788E7 -1.62083059136199E7 -5.0260874878326915E7
2018-04-10_19:06:51 -4.061560974786176E7 -1.6482087534678848E7 -4.9929980233914375E7
2018-04-10_23:17:24 -4.105991489366815E7 -1.675418353622288E7 -4.959397915508806E7
2018-04-11_03:27:58 -4.1500037750178955E7 -1.7024572992549576E7 -4.9252926430673055E7
2018-04-11_07:38:31 -4.193595027227234E7 -1.7293235247720767E7 -4.890687672547986E7
2018-04-11_11:49:05 -4.236762489189256E7 -1.7560149913772445E7 -4.8555884576489076E7
2018-04-11_15:59:39 -4.27950345077329E7 -1.7825296864977777E7 -4.820000439382806E7
2018-04-11_20:10:12 -4.321815248083749E7 -1.8088656235960558E7 -4.7839290457368605E7
2018-04-12_00:20:46 -4.363695261961665E7 -1.8350208413081363E7 -4.747379692231822E7
2018-04-12_04:31:19 -4.405140917625592E7 -1.8609934032904044E7 -4.710357781566836E7
2018-04-12_08:41:53 -4.446149683686513E7 -1.8867813976671524E7 -4.6728687038066864E7
2018-04-12_12:52:27 -4.486719071747348E7 -1.9123829368595168E7 -4.634917836085857E7
2018-04-12_17:03:00 -4.526846635043601E7 -1.9377961567857794E7 -4.5965105431946725E7
2018-04-12_21:13:34 -4.566529968083844E7 -1.9630192167094216E7 -4.557652177302827E7
2018-04-13_01:24:07 -4.60576670573855E7 -1.988050298719371E7 -4.518348078199198E7
2018-04-13_05:34:41 -4.6445545229313776E7 -2.0128876076010283E7 -4.478603572967265E7
2018-04-13_09:45:15 -4.682891133280006E7 -2.0375293700380795E7 -4.43842397674657E7
2018-04-13_13:55:48 -4.720774288861453E7 -2.06197383451584E7 -4.397814592380941E7
2018-04-13_18:06:22 -4.758201779334023E7 -2.0862192708183143E7 -4.3567807107482255E7
2018-04-13_22:16:55 -4.7951714316349424E7 -2.1102639699036654E7 -4.315327610500607E7
2018-04-14_02:27:29 -4.831681108785677E7 -2.1341062431788113E7 -4.273460558792625E7
2018-04-14_06:38:03 -4.867728709629599E7 -2.1577444223933335E7 -4.231184811028906E7
2018-04-14_10:48:36 -4.903312168018403E7 -2.1811768591661394E7 -4.188505611242117E7
2018-04-14_14:59:10 -4.938429452610181E7 -2.2044019249065712E7 -4.145428191764588E7
2018-04-14_19:09:43 -4.973078565676831E7 -2.2274180100919478E7 -4.1019577741236284E7
2018-04-14_23:20:17 -5.007257542930037E7 -2.2502235242018264E7 -4.058099568731838E7
2018-04-15_03:30:51 -5.040964452749356E7 -2.2728168952648815E7 -4.013858775334799E7
2018-04-15_07:41:24 -5.074197396022554E7 -2.2951965698001128E7 -3.969240582678342E7
2018-04-15_11:51:58 -5.1069545050292775E7 -2.3173610121299673E7 -3.924250169469472E7
2018-04-15_16:02:31 -5.139233943284125E7 -2.339308704323753E7 -3.87889270409726E7
2018-04-15_20:13:05 -5.1710339048603825E7 -2.361038145788606E7 -3.833173345063475E7
2018-04-16_00:23:39 -5.202352614222298E7 -2.3825478532082036E7 -3.787097240714629E7
2018-04-16_04:34:12 -5.233188325216161E7 -2.4038363599058013E7 -3.740669530212005E7
2018-04-16_08:44:46 -5.26353932092872E7 -2.424902215796048E7 -3.693895343280446E7
2018-04-16_12:55:19 -5.2934039130636305E7 -2.4457439870005514E7 -3.646779800677544E7
2018-04-16_17:05:53 -5.322780441808115E7 -2.4663602558037847E7 -3.599328013921708E7
2018-04-16_21:16:27 -5.351667274911212E7 -2.4867496200569056E7 -3.551545086290217E7
2018-04-17_01:27:00 -5.380062807548063E7 -2.506910693133207E7 -3.503436112608516E7
2018-04-17_05:37:34 -5.407965461766381E7 -2.5268421035772234E7 -3.455006179721764E7
2018-04-17_09:48:07 -5.4353736863725744E7 -2.5465424950707946E7 -3.4062603662354775E7
2018-04-17_13:58:41 -5.4622859560662754E7 -2.566010525863889E7 -3.357203743591326E7
2018-04-17_18:09:15 -5.488700771371432E7 -2.5852448687615465E7 -3.3078413757805686E7
2018-04-17_22:19:48 -5.514616658101991E7 -2.604244210783779E7 -3.258178319902497E7
2018-04-18_02:30:22 -5.540032167276012E7 -2.6230072531453647E7 -3.208219625897504E7
2018-04-18_06:40:55 -5.5649458743303746E7 -2.641532710725373E7 -3.157970337650046E7
2018-04-18_10:51:29 -5.589356379067288E7 -2.6598193120623622E7 -3.1074354927120864E7
2018-04-18_15:02:03 -5.6132623051663265E7 -2.6778657990374405E7 -3.0566201228985332E7
2018-04-18_19:12:36 -5.636662300131594E7 -2.6956709268701937E7 -3.0055292539925296E7
2018-04-18_23:23:10 -5.659555034576948E7 -2.7132334636225335E7 -2.9541679068872325E7
2018-04-19_03:33:43 -5.681939202171783E7 -2.7305521901954852E7 -2.9025410973527297E7
2018-04-19_07:44:17 -5.7038135192281984E7 -2.7476259000478484E7 -2.8506538365981463E7
2018-04-19_11:54:51 -5.72517672464751E7 -2.7644533991935056E7 -2.7985111310173623E7
2018-04-19_16:05:24 -5.746027579288179E7 -2.7810335057451535E7 -2.746117983337048E7
2018-04-19_20:15:58 -5.7663648659174494E7 -2.7973650499154717E7 -2.69347939241275E7
2018-04-20_00:26:31 -5.7861873888621755E7 -2.813446873766206E7 -2.6406003537707973E7
2018-04-20_04:37:05 -5.805493973958265E7 -2.829277831208093E7 -2.5874858593874045E7
2018-04-20_08:47:39 -5.824283467982136E7 -2.8448567875769287E7 -2.5341408988856193E7
2018-04-20_12:58:12 -5.84255473864833E7 -2.8601826196552057E7 -2.480570459252139E7
2018-04-20_17:08:46 -5.8603066742795266E7 -2.8752542154331136E7 -2.4267795254675433E7
2018-04-20_21:19:19 -5.877538183769433E7 -2.89007047411553E7 -2.3727730802956663E7
2018-04-21_01:29:53 -5.894248196109186E7 -2.9046303057428576E7 -2.3185561054345794E7
2018-04-21_05:40:27 -5.910435660372059E7 -2.918932631208815E7 -2.264133581308523E7
2018-04-21_09:51:00 -5.926099545446517E7 -2.9329763820514634E7 -2.20951048766812E7
2018-04-21_14:01:34 -5.941238840005539E7 -2.946760500463978E7 -2.1546918034054946E7
2018-04-21_18:12:07 -5.955852552106871E7 -2.9602839389517616E7 -2.0996825077077042E7
2018-04-21_22:22:41 -5.9699397091877215E7 -2.9735456603555873E7 -2.04448757986343E7
2018-04-22_02:33:15 -5.983499357837886E7 -2.9865446376628757E7 -1.989111999894446E7
2018-04-22_06:43:48 -5.996530563796293E7 -2.999279854031192E7 -1.9335607483285144E7
2018-04-22_10:54:22 -6.00903241160347E7 -3.0117503024724085E7 -1.8778388074243214E7
2018-04-22_15:04:55 -6.0210040046218485E7 -3.023954985887768E7 -1.821951160933932E7
2018-04-22_19:15:29 -6.0324444648485415E7 -3.0358929168996017E7 -1.765902794768548E7
2018-04-22_23:26:03 -6.043352932919075E7 -3.0475631178786404E7 -1.7096986967932455E7
2018-04-23_03:36:36 -6.0537285678374015E7 -3.0589646206665456E7 -1.65334385803071E7
2018-04-23_07:47:10 -6.06357054699679E7 -3.0700964666121546E7 -1.5968432724717887E7
2018-04-23_11:57:43 -6.0728780660510436E7 -3.0809577064319637E7 -1.5402019376947869E7
2018-04-23_16:08:17 -6.0816503389161445E7 -3.0915474002369642E7 -1.483424854729404E7
2018-04-23_20:18:51 -6.0898865975781426E7 -3.1018646172944013E7 -1.4265170292216515E7
2018-04-24_00:29:24 -6.097586092122068E7 -3.111908436068536E7 -1.3694834712652918E7
2018-04-24_04:39:58 -6.1047480906373344E7 -3.1216779440988634E7 -1.3123291960870404E7
2018-04-24_08:50:31 -6.111371879253412E7 -3.1311722380431566E7 -1.25505922380117E7
2018-04-24_13:01:05 -6.117456761995189E7 -3.1403904234651253E7 -1.1976785806847608E7
2018-04-24_17:11:39 -6.123002060827962E7 -3.149331614882586E7 -1.1401922989978671E7
2018-04-24_21:22:12 -6.1280071156156115E7 -3.1579949356726706E7 -1.082605417630809E7
2018-04-25_01:32:46 -6.13247128415897E7 -3.1663795181170367E7 -1.0249229819119075E7
2018-04-25_05:43:19 -6.136393942122417E7 -3.1744845032252453E7 -9671500.448760722
2018-04-25_09:53:53 -6.1397744830910034E7 -3.1823090407897756E7 -9092916.670899238
2018-04-25_14:04:27 -6.142612318570552E7 -3.189852289312781E7 -8513529.173296448
2018-04-25_18:15:00 -6.144906878044451E7 -3.1971134160600685E7 -7933388.723424711
2018-04-25_22:25:34 -6.146657608960269E7 -3.2040915969162367E7 -7352546.181965952
2018-04-26_02:36:07 -6.1478639768063165E7 -3.2107860164487734E7 -6771052.500532233
2018-04-26_06:46:41 -6.148525465154926E7 -3.2171958678572968E7 -6188958.728781568
2018-04-26_10:57:15 -6.148641575730067E7 -3.223320353032899E7 -5606316.012142385
2018-04-26_15:07:48 -6.1482118284672536E7 -3.229158682450725E7 -5023175.605167824
2018-04-26_19:18:22 -6.1472357615983814E7 -3.234710075238389E7 -4439588.869825006
2018-04-26_23:28:55 -6.145712931748668E7 -3.2399737591523644E7 -3855607.2817427325
2018-04-27_03:39:29 -6.143642914010343E7 -3.2449489706401184E7 -3271282.429018982
2018-04-27_07:50:03 -6.1410253020765014E7 -3.2496349547711693E7 -2686666.0253079673
2018-04-27_12:00:36 -6.137859708342591E7 -3.254030965313309E7 -2101809.9075959506
2018-04-27_16:11:10 -6.134145764045294E7 -3.258136264730727E7 -1516766.0435892786
2018-04-27_20:21:43 -6.129883119355958E7 -3.2619501242556926E7 -931586.5297184857
2018-04-28_00:32:17 -6.1250714435848586E7 -3.2654718238564987E7 -346323.6045084791
2018-04-28_04:42:51 -6.11971042529668E7 -3.2687006523200065E7 238970.35346729544
2018-04-28_08:53:24 -6.113799772499933E7 -3.271635907276415E7 824242.8180399858
2018-04-28_13:03:58 -6.107339212755615E7 -3.274276895278315E7 1409441.1176596882
2018-04-28_17:14:31 -6.100328493455522E7 -3.276622931806999E7 1994512.421760535
2018-04-28_21:25:05 -6.092767381953055E7 -3.2786733413632E7 2579403.74289839
2018-04-29_01:35:39 -6.0846556658057846E7 -3.2804274575192034E7 3164061.928860463
2018-04-29_05:46:12 -6.075993152898892E7 -3.2818846230054513E7 3748433.6652375357
2018-04-29_09:56:46 -6.066779671799441E7 -3.28304418975701E7 4332465.461608018
2018-04-29_14:07:19 -6.057015071906857E7 -3.2839055190141078E7 4916103.653189057
2018-04-29_18:17:53 -6.046699223719639E7 -3.2844679814031392E7 5499294.394963982
2018-04-29_22:28:27 -6.0358320191158615E7 -3.2847309570256E7 6081983.656502349
2018-04-30_02:39:00 -6.024413371509098E7 -3.284693835560478E7 6664117.222834478
2018-04-30_06:49:34 -6.012443216294786E7 -3.2843560163603902E7 7245640.681544707
2018-04-30_11:00:07 -5.9999215110273875E7 -3.2837169085655555E7 7826499.424235337
2018-04-30_15:10:41 -5.986848235783799E7 -3.282775931220228E7 8406638.639157873
2018-04-30_19:21:15 -5.973223393333992E7 -3.2815325133828044E7 8986003.313028367
2018-04-30_23:31:48 -5.9590470096699625E7 -3.2799860942663573E7 9564538.217649888
2018-05-01_03:42:22 -5.944319134215133E7 -3.278136123368162E7 1.0142187910754401E7
2018-05-01_07:52:55 -5.929039840228526E7 -3.2759820606095932E7 1.0718896729981607E7
2018-05-01_12:03:29 -5.913209225019394E7 -3.2735233764672704E7 1.1294608793135148E7
2018-05-01_16:14:03 -5.8968274105462916E7 -3.2707595521525282E7 1.186926798582111E7
2018-05-01_20:24:36 -5.8798945436563164E7 -3.2676900797559828E7 1.2442817962098869E7
2018-05-02_00:35:10 -5.8624107965559006E7 -3.2643144624224346E7 1.3015202137906896E7
2018-05-02_04:45:43 -5.844376367041445E7 -3.2606322144910462E7 1.3586363692221299E7
2018-05-02_08:56:17 -5.82579147920586E7 -3.2566428617306106E7 1.4156245553388909E7
2018-05-02_13:06:51 -5.8066563836785756E7 -3.2523459414867576E7 1.4724790401448935E7
2018-05-02_17:17:24 -5.7869713581878E7 -3.2477410029032316E7 1.5291940660050651E7
2018-05-02_21:27:58 -5.766736707809224E7 -3.2428276070722457E7 1.5857638498336434E7
2018-05-03_01:38:31 -5.745952765756745E7 -3.2376053273162834E7 1.6421825817634806E7
2018-05-03_05:49:05 -5.724619893676683E7 -3.2320737493615057E7 1.6984444252689134E7
2018-05-03_09:59:39 -5.702738482256578E7 -3.2262324715865344E7 1.754543516473215E7
2018-05-03_14:10:12 -5.680308951515431E7 -3.220081105193886E7 1.8104739642953247E7
2018-05-03_18:20:46 -5.657331751701176E7 -3.2136192745487504E7 1.8662298490829874E7
2018-05-03_22:31:19 -5.63380736359708E7 -3.2068466173611708E7 1.9218052228351943E7
2018-05-04_02:41:53 -5.609736299228586E7 -3.1997627849854846E7 1.9771941084128074E7
2018-05-04_06:52:27 -5.585119102171773E7 -3.1923674426033143E7 2.032390499765351E7
2018-05-04_11:03:00 -5.559956348566142E7 -3.184660269624214E7 2.087388360521883E7
2018-05-04_15:13:34 -5.534248647442694E7 -3.1766409598814014E7 2.1421816242733896E7
2018-05-04_19:24:07 -5.507996641520821E7 -3.168309221979317E7 2.1967641937577434E7
2018-05-04_23:34:41 -5.481201007568305E7 -3.159664779503551E7 2.2511299410536535E7
2018-05-05_03:45:15 -5.453862457478854E7 -3.1507073714624513E7 2.3052727063228123E7
2018-05-05_07:55:48 -5.4259817387025066E7 -3.1414367525321458E7 2.359186297907511E7
2018-05-05_12:06:22 -5.397559635072607E7 -3.131852693427327E7 2.41286449169923E7
2018-05-05_16:16:55 -5.368596967237328E7 -3.1219549811476234E7 2.466301031260339E7
2018-05-05_20:27:29 -5.339094593846703E7 -3.111743419480539E7 2.5194896265881807E7
2018-05-06_00:38:03 -5.309053412016658E7 -3.1012178292670082E7 2.5724239542704318E7
2018-05-06_04:48:36 -5.278474358260756E7 -3.0903780488287754E7 2.6250976568200268E7
2018-05-06_08:59:10 -5.247358408963642E7 -3.0792239342391625E7 2.677504342839777E7
2018-05-06_13:09:43 -5.215706581683127E7 -3.0677553598909944E7 2.7296375858107865E7
2018-05-06_17:20:17 -5.1835199356683396E7 -3.0559722187924787E7 2.781490924265817E7
2018-05-06_21:30:51 -5.15079957288976E7 -3.0438744230493434E7 2.833057861136095E7
2018-05-07_01:41:24 -5.1175466385549925E7 -3.0314619041612167E7 2.8843318639672764E7
2018-05-07_05:51:58 -5.083762322547353E7 -3.0187346136650983E7 2.9353063637071744E7
2018-05-07_10:02:31 -5.049447859988879E7 -3.0056925234584246E7 2.98597475493395E7
2018-05-07_14:13:05 -5.014604532383736E7 -2.9923356263439223E7 3.03633039520418E7
2018-05-07_18:23:39 -4.9792336681793734E7 -2.9786639363538675E7 3.0863666053276893E7
2018-05-07_22:34:12 -4.94333664434111E7 -2.9646774894703783E7 3.136076668181514E7
2018-05-08_02:44:46 -4.9069148869782664E7 -2.9503763439848624E7 3.1854538289694227E7
2018-05-08_06:55:19 -4.8699698725920685E7 -2.935760581102992E7 3.2344912946160592E7
2018-05-08_11:05:53 -4.832503128697104E7 -2.920830305304882E7 3.2831822340811964E7
2018-05-08_15:16:27 -4.7945162355467394E7 -2.9055856451501533E7 3.331519777200686E7
2018-05-08_19:27:00 -4.756010826808943E7 -2.8900267536694262E7 3.379497015020611E7
2018-05-08_23:37:34 -4.716988590911185E7 -2.874153809027988E7 3.427106999268577E7
2018-05-09_03:48:07 -4.6774512718033776E7 -2.8579670149585847E7 3.4743427425827466E7
2018-05-09_07:58:41 -4.637400670714771E7 -2.841466601601473E7 3.521197217617066E7
2018-05-09_12:09:15 -4.5968386470069826E7 -2.8246528259850368E7 3.567663357240583E7
2018-05-09_16:19:48 -4.555767119573575E7 -2.807525972731669E7 3.6137340541811585E7
2018-05-09_20:30:22 -4.5141880676942304E7 -2.790086354543306E7 3.6594021612879895E7
2018-05-10_00:40:55 -4.472103532972606E7 -2.7723343131434053E7 3.704660490654859E7
2018-05-10_04:51:29 -4.429515620194323E7 -2.754270219773966E7 3.749501814007591E7
2018-05-10_09:02:03 -4.386426498923868E7 -2.7358944760076188E7 3.7939188623013854E7
2018-05-10_13:12:36 -4.342838404391541E7 -2.7172075142625514E7 3.837904326132813E7
2018-05-10_17:23:10 -4.298753639613732E7 -2.6982097988494016E7 3.881450854911211E7
2018-05-10_21:33:43 -4.2541745763180144E7 -2.678901826513677E7 3.924551057346684E7
2018-05-11_01:44:17 -4.20910365668701E7 -2.6592841273344737E7 3.967197501118467E7
2018-05-11_05:54:51 -4.1635433943134494E7 -2.639357265286331E7 4.009382713395091E7
2018-05-11_10:05:24 -4.1174963764673665E7 -2.6191218393779773E7 4.0510991801360026E7
2018-05-11_14:15:58 -4.0709652651539035E7 -2.5985784842708565E7 4.092339346611098E7
2018-05-11_18:26:31 -4.0239527989442214E7 -2.5777278712408558E7 4.133095617246944E7
2018-05-11_22:37:05 -3.9764617940555245E7 -2.5565707088139858E7 4.173360356202105E7
2018-05-12_02:47:39 -3.9284951467722476E7 -2.5351077440025996E7 4.213125886817001E7
2018-05-12_06:58:12 -3.880055834579834E7 -2.5133397629777156E7 4.252384492266638E7
2018-05-12_11:08:46 -3.8311469181564525E7 -2.4912675921283305E7 4.291128415514881E7
2018-05-12_15:19:19 -3.781771542537025E7 -2.4688920987554997E7 4.329349860021098E7
2018-05-12_19:29:53 -3.7319329397038005E7 -2.4462141924154684E7 4.36704098935113E7
2018-05-12_23:40:27 -3.681634429807462E7 -2.4232348256532557E7 4.404193927971029E7
2018-05-13_03:51:00 -3.630879423307207E7 -2.3999549951567966E7 4.440800761353843E7
2018-05-13_08:01:34 -3.5796714222477295E7 -2.3763757425247226E7 4.4768535368131965E7
2018-05-13_12:12:07 -3.528014022982088E7 -2.352498155703204E7 4.512344263343777E7
2018-05-13_16:22:41 -3.475910917540679E7 -2.3283233698098335E7 4.5472649125190355E7
2018-05-13_20:33:15 -3.423365895847667E7 -2.303852568354376E7 4.5816074188558735E7
2018-05-14_00:43:48 -3.3703828471573345E7 -2.2790869841032673E7 4.6153636807559215E7
2018-05-14_04:54:22 -3.316965762913E7 -2.2540279006150156E7 4.648525560599985E7
2018-05-14_09:04:55 -3.263118738200553E7 -2.2286766531299427E7 4.681084885844197E7
2018-05-14_13:15:29 -3.2088459741539583E7 -2.2030346299096726E7 4.713033449558015E7
2018-05-14_17:26:03 -3.154151779444045E7 -2.177103273155137E7 4.7443630116112486E7
2018-05-14_21:36:36 -3.099040573311492E7 -2.1508840806603733E7 4.775065299014264E7
2018-05-15_01:47:10 -3.0435168871374227E7 -2.124378606785542E7 4.8051320072138816E7
2018-05-15_05:57:43 -2.987585366938259E7 -2.0975884638750993E7 4.834554800927987E7
2018-05-15_10:08:17 -2.9312507749929056E7 -2.070515323270163E7 4.8633253155294925E7
2018-05-15_14:18:51 -2.8745179930009216E7 -2.043160917062758E7 4.891435157708836E7
2018-05-15_18:29:24 -2.8173920237607103E7 -2.015527039151228E7 4.918875907009607E7
2018-05-15_22:39:58 -2.7598779937871948E7 -1.987615546755408E7 4.945639116963806E7
2018-05-16_02:50:31 -2.701981155014245E7 -1.9594283614987124E7 4.971716316755661E7
2018-05-16_07:01:05 -2.6437068881096143E7 -1.930967471280202E7 4.997099012216965E7
2018-05-16_11:11:39 -2.585060704206718E7 -1.9022349313923396E7 5.021778687675722E7
2018-05-16_15:22:12 -2.526048247659988E7 -1.873232866142448E7 5.045746807413907E7
2018-05-16_19:32:46 -2.4666752978163164E7 -1.843963470005113E7 5.068994817648213E7
2018-05-16_23:43:19 -2.4069477724311724E7 -1.8144290095913365E7 5.091514147934722E7
2018-05-17_03:53:53 -2.346871729506803E7 -1.784631824854151E7 5.1132962133252725E7
2018-05-17_08:04:27 -2.2864533700926222E7 -1.754574330779386E7 5.1343324162475534E7
2018-05-17_12:15:00 -2.225699040137331E7 -1.724259018616302E7 5.154614148828225E7
2018-05-17_16:25:34 -2.16461523399088E7 -1.6936884579397485E7 5.174132794750368E7
2018-05-17_20:36:07 -2.103208596299678E7 -1.6628652979250517E7 5.1928797317873076E7
2018-05-18_00:46:41 -2.0414859248512875E7 -1.6317922691102404E7 5.210846334135753E7
2018-05-18_04:57:15 -1.9794541724829674E7 -1.6004721846967416E7 5.228023975133325E7
2018-05-18_09:07:48 -1.9171204506085638E7 -1.5689079426805547E7 5.244404029639089E7
2018-05-18_13:18:22 -1.8544920311399836E7 -1.5371025271851849E7 5.259977876996025E7
2018-05-18_17:28:55 -1.7915763493821844E7 -1.505059010299739E7 5.2747369038489014E7
2018-05-18_21:39:29 -1.728381005896194E7 -1.4727805534077315E7 5.2886725073458046E7
2018-05-19_01:50:03 -1.6649137700755788E7 -1.440270409399266E7 5.301776098061322E7
2018-05-19_06:00:36 -1.6011825820446964E7 -1.4075319240418866E7 5.3140391034494355E7
2018-05-19_10:11:10 -1.5371955554713678E7 -1.3745685378389625E7 5.3254529712438956E7
2018-05-19_14:21:43 -1.4729609794661177E7 -1.3413837874222029E7 5.33600917313636E7
2018-05-19_18:32:17 -1.4084873220560718E7 -1.3079813077799665E7 5.3456992083479114E7
2018-05-19_22:42:51 -1.3437832320085172E7 -1.274364833644648E7 5.354514607625767E7
2018-05-20_02:53:24 -1.2788575416244272E7 -1.2405382013980584E7 5.3624469372298166E7
2018-05-20_07:03:58 -1.2137192684275517E7 -1.2065053504209245E7 5.369487803221637E7
2018-05-20_11:14:31 -1.14837761862608E7 -1.1722703253766268E7 5.375628855680036E7
2018-05-20_15:25:05 -1.0828419887147592E7 -1.1378372775493786E7 5.380861793321533E7
2018-05-20_19:35:39 -1.0171219681615818E7 -1.1032104667579165E7 5.385178368141237E7
2018-05-20_23:46:12 -9512273.408979446 -1.0683942626651183E7 5.3885703903276585E7
2018-05-21_03:56:46 -8851680.88599407 -1.0333931470408415E7 5.391029733212877E7
2018-05-21_08:07:19 -8189543.92053375 -9982117.150433363 5.392548338541409E7
2018-05-21_12:17:53 -7525966.334015057 -9628546.76973181 5.393118221838645E7
2018-05-21_16:28:27 -6861053.983013531 -9273268.600053603 5.392731477979715E7
2018-05-21_20:39:00 -6194914.770746653 -8916332.094025288 5.391380286941721E7
2018-05-22_00:49:34 -5527658.67588028 -8557787.906696666 5.389056919746567E7
2018-05-22_05:00:07 -4859397.7621683 -8197687.90708283 5.385753744592084E7
2018-05-22_09:10:41 -4190246.198263096 -7836085.195291667 5.381463233177699E7
2018-05-22_13:21:15 -3520320.264915265 -7473034.113138906 5.37617796717487E7
2018-05-22_17:31:48 -2849738.3796669333 -7108590.2643337995 5.3698906449940346E7
2018-05-22_21:42:22 -2178621.101790505 -6742810.524264928 5.3625940886431366E7
2018-05-23_01:52:55 -1507091.146587273 -6375753.055068796 5.354281250857546E7
2018-05-23_06:03:29 -835273.3877796909 -6007477.314376948 5.3449452222953096E7
2018-05-23_10:14:03 -163294.87607382418 -5638044.073150047 5.33457923915523E7
2018-05-23_14:24:36 508715.1619020948 -5267515.423020325 5.323176690771054E7
2018-05-23_18:35:10 1180625.315637977 -4895954.78878965 5.310731127540203E7
2018-05-23_22:45:43 1852301.9954385243 -4523426.934174359 5.297236268852889E7
2018-05-24_02:56:17 2523609.4209931637 -4149997.9766969825 5.282686011548521E7
2018-05-24_07:06:51 3194409.630276154 -3775735.391602338 5.2670744382292315E7
2018-05-24_11:17:24 3864562.4794652173 -3400708.020941264 5.25039582596749E7
2018-05-24_15:27:58 4533925.656220309 -3024986.0754703362 5.232644654935272E7
2018-05-24_19:38:31 5202354.677493575 -2648641.1454698383 5.21381561765915E7
2018-05-24_23:49:05 5869702.9070551265 -2271746.200679165 5.193903628008638E7
2018-05-25_03:59:39 6535821.566316572 -1894375.594417434 5.172903830618665E7
2018-05-25_08:10:12 7200559.75712891 -1516605.0609847053 5.15081161015328E7
2018-05-25_12:20:46 7863764.4702101685 -1138511.72154858 5.1276226012862384E7
2018-05-25_16:31:19 8525280.614770861 -760174.0783219867 5.10333269826177E7
2018-05-25_20:41:53 9184951.039711535 -381672.0136557365 5.077938064948464E7
2018-05-26_00:52:27 9842616.56961381 -3086.781063976751 5.051435144609266E7
2018-05-26_05:03:00 1.0498116025347121E7 375498.9948254574 5.0238206704857394E7
2018-05-26_09:13:34 1.1151286266656138E7 754001.3305507113 4.9950916757974185E7
2018-05-26_13:24:07 1.1801962226986825E7 1132334.8914896438 4.965245504266365E7
2018-05-26_17:34:41 1.2449976962890536E7 1510413.0076774228 4.934279820242753E7
2018-05-26_21:45:15 1.309516169006599E7 1888147.6815641446 4.902192619688595E7
2018-05-27_01:55:48 1.3737345839489406E7 2265449.607374503 4.8689822404505104E7
2018-05-27_06:06:22 1.4376357108511206E7 2642228.187102637 4.834647373017557E7
2018-05-27_10:16:55 1.5012021525180709E7 3018391.554219928 4.799187070785737E7
2018-05-27_14:27:29 1.5644163500556216E7 3393846.589913391 4.762600761216911E7
2018-05-27_18:38:03 1.6272605901220784E7 3768498.951197775 4.724888256099627E7
2018-05-27_22:48:36 1.6897170117281225E7 4142253.0959306606 4.68604976228351E7
2018-05-28_02:59:10 1.7517676143146362E7 4515012.315517868 4.646085891798794E7
2018-05-28_07:09:43 1.8133942647754494E7 4886678.760812352 4.604997672872351E7
2018-05-28_11:20:17 1.8745787064560186E7 5257153.479897404 4.562786559858878E7
2018-05-28_15:30:51 1.935302567718354E7 5626336.45291691 4.51945444363007E7
2018-05-28_19:41:24 1.9955473718495525E7 5994126.635047022 4.475003661163268E7
2018-05-28_23:51:58 2.055294545894633E7 6360421.9926116 4.429437006072916E7
2018-05-29_04:02:31 2.1145254314917468E7 6725119.551393445 4.3827577378194675E7
2018-05-29_08:13:05 2.1732212952722464E7 7088115.442060639 4.334969591352443E7
2018-05-29_12:23:39 2.231363340600885E7 7449304.953867689 4.28607678576953E7
2018-05-29_16:34:12 2.2889327182934098E7 7808582.581789421 4.236084033915237E7
2018-05-29_20:44:46 2.345910539257824E7 8165842.085684057 4.1849965504425585E7
2018-05-30_00:55:19 2.40227788672137E7 8520976.546722665 4.1328200602587424E7
2018-05-30_05:05:53 2.4580158297818918E7 8873878.432180297 4.07956080577614E7
2018-05-30_09:16:27 2.5131054358958673E7 9224439.65352095 4.025225555143588E7
2018-05-30_13:27:00 2.567527785279036E7 9572551.636608785 3.969821608659199E7
2018-05-30_17:37:34 2.6212639848847326E7 9918105.389226004 3.913356805505725E7
2018-05-30_21:48:07 2.6742951835324034E7 1.0260991576303301E7 3.855839529169653E7
2018-05-31_01:58:41 2.726602586107931E7 1.0601100589051314E7 3.7972787137459144E7
2018-05-31_06:09:15 2.7781674694981128E7 1.0938322625584284E7 3.7376838482198745E7
2018-05-31_10:19:48 2.82897119803317E7 1.1272547768568538E7 3.677064981054943E7
2018-05-31_14:30:22 2.8789952400823094E7 1.1603666070679868E7 3.615432723182911E7
2018-05-31_18:40:55 2.9282211835842706E7 1.1931567633376816E7 3.552798251974194E7
2018-05-31_22:51:29 2.9766307532554965E7 1.2256142696994558E7 3.489173312868412E7
2018-06-01_03:02:03 3.024205827177375E7 1.2577281727308383E7 3.424570221336287E7
2018-06-01_07:12:36 3.070928454446814E7 1.2894875509547506E7 3.359001863009039E7
2018-06-01_11:23:10 3.116780871718855E7 1.3208815235517194E7 3.292481694806481E7
2018-06-01_15:33:43 3.1617455211920172E7 1.3518992601038422E7 3.2250237435486358E7
2018-06-01_19:44:17 3.205805067958838E7 1.3825299899761908E7 3.156642604815178E7
2018-06-01_23:54:51 3.2489424182050217E7 1.4127630123473631E7 3.087353439841469E7
2018-06-02_04:05:24 3.29114073624423E7 1.442587705520533E7 3.0171719734556098E7
2018-06-02_08:15:58 3.3323834627910644E7 1.4719935371724382E7 2.9461144892854806E7
2018-06-02_12:26:31 3.372654332508423E7 1.5009700741925238E7 2.874197825204632E7
2018-06-02_16:37:05 3.4119373921548285E7 1.5295069930535723E7 2.8014393667406414E7
2018-06-02_20:47:39 3.4502170175441936E7 1.5575940894433063E7 2.727857041535944E7
2018-06-03_00:58:12 3.487477931491063E7 1.5852212887123965E7 2.6534693109189354E7
2018-06-03_05:08:46 3.5237052208765395E7 1.6123786558314515E7 2.5782951618191294E7
2018-06-03_09:19:19 3.558884354138259E7 1.6390564057887947E7 2.502354096486078E7
2018-06-03_13:29:53 3.593001197479461E7 1.6652449131945021E7 2.42566612338896E7
2018-06-03_17:40:27 3.626042031771956E7 1.6909347225529376E7 2.348251745158829E7
2018-06-03_21:51:00 3.6579935685225695E7 1.7161165580042332E7 2.2701319468623772E7
2018-06-04_02:01:34 3.688842965958986E7 1.7407813333510965E7 2.1913281821578678E7
2018-06-04_06:12:07 3.718577843816219E7 1.7649201612647917E7 2.1118623606943574E7
2018-06-04_10:22:41 3.747186298527107E7 1.788524363009825E7 2.0317568325167466E7
2018-06-04_14:33:15 3.774656917356809E7 1.8115854775625724E7 1.951034372958868E7
2018-06-04_18:43:48 3.800978792421609E7 1.8340952708862275E7 1.8697181654518414E7
2018-06-04_22:54:22 3.826141533405789E7 1.8560457443627253E7 1.7878317856409118E7
2018-06-05_03:04:55 3.8501352803319536E7 1.8774291435600743E7 1.705399182698986E7
2018-06-05_07:15:29 3.8729507152510285E7 1.8982379663585395E7 1.6224446611613095E7
2018-06-05_11:26:03 3.8945790735868044E7 1.9184649711021204E7 1.5389928607782299E7
2018-06-05_15:36:36 3.915012154125396E7 1.9381031838615764E7 1.4550687379628371E7
2018-06-05_19:47:10 3.9342423288496815E7 1.957145905907487E7 1.37069754440735E7
2018-06-05_23:57:43 3.952262551613315E7 1.9755867204825148E7 1.2859048064851452E7
2018-06-06_04:08:17 3.9690663662803076E7 1.99341949948239E7 1.2007163028082937E7
2018-06-06_08:18:51 3.98464791354145E7 2.0106384092420474E7 1.1151580435754793E7
2018-06-06_12:29:24 3.999001937345625E7 2.0272379163946662E7 1.029256247237915E7
2018-06-06_16:39:58 4.012123790154994E7 2.0432127929987047E7 9430373.182105824
2018-06-06_20:50:31 4.024009437530772E7 2.0585581214823853E7 8565278.228437463
2018-06-07_01:01:05 4.0346554614506416E7 2.0732692986979395E7 7697544.674750881
2018-06-07_05:11:39 4.044059063055909E7 2.0873420399318527E7 6827440.7400170425
2018-06-07_09:22:12 4.052218064276361E7 2.1007723821866658E7 5955235.566720127
2018-06-07_13:32:46 4.05913090867112E7 2.113556687198394E7 5081198.973505011
2018-06-07_17:43:19 4.0647966611126475E7 2.1256916435979225E7 4205601.232033827
2018-06-07_21:53:53 4.069215006786411E7 2.137174268946131E7 3328712.8192624627
2018-06-08_02:04:27 4.0723862491393626E7 2.1480019110550877E7 2450804.185807206
2018-06-08_06:15:00 4.074311306991356E7 2.1581722489946313E7 1572145.510844304
2018-06-08_10:25:34 4.074991710670305E7 2.1676832933136802E7 693006.4825234404
2018-06-08_14:36:07 4.074429597358497E7 2.176533386060588E7 -186343.94268632645
2018-06-08_18:46:41 4.0726277055409595E7 2.1847212001469936E7 -1065637.7633251757
2018-06-08_22:57:15 4.0695893685985774E7 2.1922457383668993E7 -1944608.1677480862
2018-06-09_03:07:48 4.065318507640759E7 2.1991063317242883E7 -2822989.7406746643
2018-06-09_07:18:22 4.059819623507196E7 2.205302637517308E7 -3700518.689427079
2018-06-09_11:28:55 4.053097788049493E7 2.2108346368417636E7 -4576933.051311453
2018-06-09_15:39:29 4.045158634593855E7 2.2157026317489464E7 -5451972.909177309
2018-06-09_19:50:03 4.036008347881111E7 2.2199072418239485E7 -6325380.579286875
2018-06-10_00:00:36 4.0256536531814866E7 2.2234494005044565E7 -7196900.815294898
2018-06-10_04:11:10 4.014101804897969E7 2.2263303509149536E7 -8066280.99249347
2018-06-10_08:21:43 4.001360574401167E7 2.228551641368272E7 -8933271.2997017
2018-06-10_12:32:17 3.987438237631891E7 2.2301151204288904E7 -9797624.900556486
2018-06-10_16:42:51 3.972343561887716E7 2.2310229317080982E7 -1.0659098110952653E7
2018-06-10_20:53:24 3.9560857923277475E7 2.231277508287874E7 -1.151745055545249E7
2018-06-11_01:03:58 3.9386746377914235E7 2.2308815668438204E7 -1.2372445329991337E7
2018-06-11_05:14:31 3.920120256679378E7 2.229838101479933E7 -1.322384913323231E7
2018-06-11_09:25:05 3.900433242038101E7 2.2281503772972785E7 -1.4071432413680656E7
2018-06-11_13:35:39 3.879624606601256E7 2.2258219237135082E7 -1.4914969495093724E7
2018-06-11_17:46:12 3.85770576724874E7 2.2228565275277574E7 -1.575423870694219E7
2018-06-11_21:56:46 3.834688529797681E7 2.2192582258429173E7 -1.6589022484193182E7
2018-06-12_02:07:19 3.810585073021821E7 2.2150312987293083E7 -1.7419107482359987E7
2018-06-12_06:17:53 3.785407932834688E7 2.210180261768973E7 -1.824428467182538E7
2018-06-12_10:28:27 3.7591699863494925E7 2.2047098584530886E7 -1.9064349424971756E7
2018-06-12_14:39:00 3.731884435493479E7 2.1986250523729067E7 -1.9879101606450547E7
2018-06-12_18:49:34 3.703564791338069E7 2.191931019475757E7 -2.0688345632220875E7
2018-06-12_23:00:07 3.674224857668636E7 2.1846331400670126E7 -2.149189054402682E7
2018-06-13_03:10:41 3.643878715049543E7 2.176736990854979E7 -2.2289550062022217E7
2018-06-13_07:21:15 3.612540704441363E7 2.1682483368128948E7 -2.3081142643210463E7
2018-06-13_11:31:48 3.580225411761209E7 2.159173123241005E7 -2.3866491510259494E7
2018-06-13_15:42:22 3.546947651709326E7 2.1495174675867964E7 -2.46454246952291E7
2018-06-13_19:52:55 3.512722452276837E7 2.1392876514174547E7 -2.5417775062586423E7
2018-06-14_00:03:29 3.477565038864867E7 2.12849011224411E7 -2.6183380338120297E7
2018-06-14_04:14:03 3.441490819536766E7 2.1171314356638066E7 -2.69420831101438E7
2018-06-14_08:24:36 3.404515369562521E7 2.1052183472722143E7 -2.7693730845107738E7
2018-06-14_12:35:10 3.366654416784515E7 2.0927577048184015E7 -2.843817588418962E7
2018-06-14_16:45:43 3.3279238266342144E7 2.0797564902359314E7 -2.9175275446004197E7
2018-06-14_20:56:17 3.2883395884380914E7 2.0662218020947214E7 -2.990489160365162E7
2018-06-15_01:06:51 3.2479178010419626E7 2.052160847835247E7 -3.0626891275654785E7
2018-06-15_05:17:24 3.206674659329968E7 2.0375809363039866E7 -3.1341146200126063E7
2018-06-15_09:27:58 3.1646264404531255E7 2.0224894701969743E7 -3.2047532914842118E7
2018-06-15_13:38:31 3.121789491458676E7 2.006893939006076E7 -3.2745932713958804E7
2018-06-15_17:49:05 3.078180216213789E7 1.9908019117355436E7 -3.343623161866808E7
2018-06-15_21:59:39 3.0338150633352242E7 1.974221029993608E7 -3.41183203323994E7
2018-06-16_02:10:12 2.988710513778983E7 1.9571590009749465E7 -3.4792094202959925E7
2018-06-16_06:20:46 2.9428830699943274E7 1.9396235910482273E7 -3.545745316258025E7
2018-06-16_10:31:19 2.896349244284286E7 1.9216226190717645E7 -3.611430168251158E7
2018-06-16_14:41:53 2.8491255482658096E7 1.903163950148308E7 -3.6762548713441655E7
2018-06-16_18:52:27 2.801228481932115E7 1.8842554892471932E7 -3.7402107633587204E7
2018-06-16_23:03:00 2.7526745244200464E7 1.8649051755215976E7 -3.8032896176097885E7
2018-06-17_03:13:34 2.7034801238573037E7 1.8451209762926582E7 -3.8654836371669695E7
2018-06-17_07:24:07 2.653661688394128E7 1.8249108815298818E7 -3.926785447809343E7
2018-06-17_11:34:41 2.6032355768049344E7 1.8042828981848508E7 -3.987188091776878E7
2018-06-17_15:45:15 2.552218090807893E7 1.7832450452511843E7 -4.0466850196882434E7
2018-06-17_19:55:48 2.5006254664669726E7 1.7618053484841794E7 -4.1052700838982806E7
2018-06-18_00:06:22 2.4484738667199347E7 1.7399718356093146E7 -4.1629375307723224E7
2018-06-18_04:16:55 2.3957793735132188E7 1.7177525313974064E7 -4.219681993704971E7
2018-06-18_08:27:29 2.342557981626807E7 1.695155453476717E7 -4.275498484540468E7
2018-06-18_12:38:03 1.981093435125664E7 1.537946916427155E7 -4.6187951230741635E7
