#time X Y Z
2018-03-24_01:58:41 -6360708.56226907 -2757247.3950468777 -1.4894131561115006E8
2018-03-24_19:29:53 -8088820.890118605 -3506522.2428751644 -1.4887185599547163E8
2018-03-25_13:01:05 -9815513.290594805 -4255191.769581207 -1.4877868872716802E8
2018-03-26_06:32:17 -1.154051223112527E7 -5003135.604799681 -1.4866186835960743E8
2018-03-27_00:03:29 -1.3263549280556556E7 -5750235.280016651 -1.4852145300559205E8
2018-03-27_17:34:41 -1.4984361073539618E7 -6496374.283326173 -1.4835750335608575E8
2018-03-28_11:05:53 -1.6702689065305013E7 -7241438.038739055 -1.4817008170362952E8
2018-03-29_04:37:05 -1.8418279069060292E7 -7985313.804459513 -1.4795925102876714E8
2018-03-29_22:08:17 -2.013088059001521E7 -8727890.49118264 -1.4772507421597758E8
2018-03-30_15:39:29 -2.184024599422969E7 -9469058.409145735 -1.474676134645564E8
2018-03-31_09:10:41 -2.3546129575319815E7 -1.0208708961665606E7 -1.471869299463936E8
2018-04-01_02:41:53 -2.524828659825175E7 -1.0946734310007667E7 -1.468830837376555E8
2018-04-01_20:13:05 -2.6946472404018134E7 -1.1683027038646288E7 -1.46556134019015E8
2018-04-02_13:44:17 -2.8640441648697346E7 -1.24174798494744E7 -1.4620613950623342E8
2018-04-03_07:15:29 -3.0329947726991307E7 -1.3149985308067556E7 -1.4583315904694477E8
2018-04-04_00:46:41 -3.201474240247246E7 -1.3880435657204749E7 -1.454372523052312E8
2018-04-04_18:17:53 -3.36945756347583E7 -1.4608722701554533E7 -1.4501848045667052E8
2018-04-05_11:49:05 -3.536919557149996E7 -1.5334737758199241E7 -1.445769068298727E8
2018-04-06_05:20:17 -3.7038348659425676E7 -1.6058371660209075E7 -1.4411259745252445E8
2018-04-06_22:51:29 -3.8701779825263344E7 -1.677951479620875E7 -1.4362562148459408E8
2018-04-07_16:22:41 -4.035923268486749E7 -1.7498057169140488E7 -1.431160515422332E8
2018-04-08_09:53:53 -4.201044974862925E7 -1.8213888459397E7 -1.4258396393098888E8
2018-04-09_03:25:05 -4.365517260374962E7 -1.892689808188971E7 -1.4202943881415266E8
2018-04-09_20:56:17 -4.529314206197053E7 -1.9636975230218254E7 -1.4145256034449208E8
2018-04-10_14:27:29 -4.692409827081553E7 -2.034400890593713E7 -1.4085341678575176E8
2018-04-11_07:58:41 -4.854778078276164E7 -2.104788792994725E7 -1.4023210065207794E8
2018-04-12_01:29:53 -5.016392860651608E7 -2.174850094586086E7 -1.395887088834748E8
2018-04-12_19:01:05 -5.1772280236606285E7 -2.244573641219404E7 -1.3892334308639586E8
2018-04-13_12:32:17 -5.3372573704871245E7 -2.313948259951016E7 -1.3823610984939057E8
2018-04-14_06:03:29 -5.4964546687312834E7 -2.382962760332159E7 -1.3752712113981956E8
2018-04-14_23:34:41 -5.654793671168739E7 -2.4516059388906106E7 -1.3679649476822728E8
2018-04-15_17:05:53 -5.8122481509885415E7 -2.519866588532819E7 -1.360443548848943E8
2018-04-16_10:37:05 -5.968791954314978E7 -2.587733514210964E7 -1.3527083245306876E8
2018-04-17_04:08:17 -6.124399070591205E7 -2.655195555606741E7 -1.3447606562765327E8
2018-04-17_21:39:29 -6.279043718170232E7 -2.722241616509042E7 -1.3366019996549729E8
2018-04-18_15:10:41 -6.432700439556071E7 -2.7888606994772095E7 -1.3282338840372244E8
2018-04-19_08:41:53 -6.585344198214188E7 -2.855041943240676E7 -1.3196579096833812E8
2018-04-20_02:13:05 -6.736950468076998E7 -2.920774659676832E7 -1.3108757420838274E8
2018-04-20_19:44:17 -6.887495307328072E7 -2.9860483669938795E7 -1.3018891038768816E8
2018-04-21_13:15:29 -7.036955410199001E7 -3.050852816229717E7 -1.2926997649600717E8
2018-04-22_06:46:41 -7.185308133335638E7 -3.115178009038512E7 -1.2833095316047034E8
2018-04-23_00:17:53 -7.332531496499531E7 -3.179014205932801E7 -1.2737202354173116E8
2018-04-23_17:49:05 -7.478604160052192E7 -3.2423519253060438E7 -1.2639337228927895E8
2018-04-24_11:20:17 -7.623505383188078E7 -3.305181934359572E7 -1.2539518461298491E8
2018-04-25_04:51:29 -7.767214967609252E7 -3.367495233574414E7 -1.2437764550607543E8
2018-04-25_22:22:41 -7.909713191112053E7 -3.429283036441484E7 -1.2334093913616967E8
2018-04-26_15:53:53 -8.05098073472659E7 -3.490536745879327E7 -1.2228524841009994E8
2018-04-27_09:25:05 -8.190998606660914E7 -3.551247928570939E7 -1.2121075471070656E8
2018-04-28_02:56:17 -8.32974806585415E7 -3.611408288165968E7 -1.2011763780300812E8
2018-04-28_20:27:29 -8.467210548200041E7 -3.67100963832519E7 -1.1900607590423009E8
2018-04-29_13:58:41 -8.603367598175387E7 -3.7300438764417596E7 -1.1787624591245611E8
2018-04-30_07:29:53 -8.738200810471103E7 -3.788502959796755E7 -1.1672832376586628E8
2018-05-01_01:01:05 -8.871691782808848E7 -3.846378884642218E7 -1.1556248491817012E8
2018-05-01_18:32:17 -9.003822083163051E7 -3.903663669845553E7 -1.1437890488116962E8
2018-05-02_12:03:29 -9.134573231337944E7 -3.960349345529268E7 -1.1317775979396994E8
2018-05-03_05:34:41 -9.263926693777809E7 -4.01642794678504E7 -1.119592269749778E8
2018-05-03_23:05:53 -9.391863889047456E7 -4.071891511887628E7 -1.1072348542172082E8
2018-05-04_16:37:05 -9.518366200766838E7 -4.1267320840053216E7 -1.0947071623570037E8
2018-05-05_10:08:17 -9.643414994533439E7 -4.180941715093101E7 -1.0820110296612778E8
2018-05-06_03:39:29 -9.766991636178914E7 -4.234512470824174E7 -1.0691483187628917E8
2018-05-06_21:10:41 -9.889077509289843E7 -4.2874364355611965E7 -1.0561209214692311E8
2018-05-07_14:41:53 -1.0009654030908126E8 -4.339705716780445E7 -1.0429307603284235E8
2018-05-08_08:13:05 -1.012870266473834E8 -4.391312448587246E7 -1.0295797899167037E8
2018-05-09_01:44:17 -1.0246204931605929E8 -4.44224879419066E7 -1.0160699980372208E8
2018-05-09_19:15:29 -1.0362142417133029E8 -4.492506947294674E7 -1.0024034070564531E8
2018-05-10_12:46:41 -1.0476496777255435E8 -4.54207913255655E7 -9.885820756324673E7
2018-05-11_06:17:53 -1.0589249743233423E8 -4.590957605556401E7 -9.746081011076581E7
2018-05-11_23:49:05 -1.0700383129380128E8 -4.639134653257306E7 -9.60483622776481E7
2018-05-12_17:20:17 -1.080987884817418E8 -4.6866025965116024E7 -9.462108260940017E7
2018-05-13_10:51:29 -1.0917718938368237E8 -4.73335379669802E7 -9.317919476273382E7
2018-05-14_04:22:41 -1.1023885611309694E8 -4.77938066871029E7 -9.172292802300958E7
2018-05-14_21:53:53 -1.1128361318602519E8 -4.824675702056954E7 -9.025251776153801E7
2018-05-15_15:25:05 -1.1231128840659241E8 -4.869231490746676E7 -8.876820572993359E7
2018-05-16_08:56:17 -1.1332171391007002E8 -4.913040770948544E7 -8.727024009099615E7
2018-05-17_02:27:29 -1.1431472727003393E8 -4.956096463694406E7 -8.57588751076045E7
2018-05-17_19:58:41 -1.1529017254005165E8 -4.99839171812084E7 -8.423437046682161E7
2018-05-18_13:29:53 -1.1624790110803008E8 -5.039919950601601E7 -8.269699025379059E7
2018-05-19_07:01:05 -1.1718777223914658E8 -5.080674874378936E7 -8.11470016830346E7
2018-05-20_00:32:17 -1.1810965325080281E8 -5.1206505165787905E7 -7.958467370208353E7
2018-05-20_18:03:29 -1.1901341930641642E8 -5.1598412208831385E7 -7.8010275620692E7
2018-05-21_11:34:41 -1.1989895287755571E8 -5.1982416366283685E7 -7.642407589701027E7
2018-05-22_05:05:53 -1.2076614296487942E8 -5.235846696951546E7 -7.482634117728402E7
2018-05-22_22:37:05 -1.216148841885915E8 -5.2726515898039855E7 -7.321733563322873E7
2018-05-23_16:08:17 -1.224450758531951E8 -5.308651725838337E7 -7.159732059175709E7
2018-05-24_09:39:29 -1.2325662106661925E8 -5.343842706535137E7 -6.996655441366468E7
2018-05-25_03:10:41 -1.2404942595957612E8 -5.378220294760972E7 -6.832529255989306E7
2018-05-25_20:41:53 -1.2482339901881562E8 -5.411780388692572E7 -6.667378778558057E7
2018-05-26_14:13:05 -1.2557845052636725E8 -5.444518999088277E7 -6.501229041694261E7
2018-05-27_07:44:17 -1.2631449208921991E8 -5.476432229449697E7 -6.334104868501744E7
2018-05-28_01:15:29 -1.2703143624776202E8 -5.507516258668241E7 -6.166030910510544E7
2018-05-28_18:46:41 -1.2772919616072203E8 -5.537767326098295E7 -5.997031689638714E7
2018-05-29_12:17:53 -1.2840768537222616E8 -5.5671817193566024E7 -5.8271316432984486E7
2018-05-30_05:49:05 -1.2906681766827025E8 -5.595755765293419E7 -5.6563551709619045E7
2018-05-30_23:20:17 -1.297065070240639E8 -5.623485824410706E7 -5.4847266798377834E7
2018-05-31_16:51:29 -1.3032666763348867E8 -5.6503682886034764E7 -5.3122706272118494E7
2018-06-01_10:22:41 -1.3092721400187922E8 -5.6763995816450216E7 -5.139011557626662E7
2018-06-02_03:53:53 -1.3150806107801473E8 -5.7015761615292944E7 -4.964974134210827E7
2018-06-02_21:25:05 -1.3206912440266094E8 -5.725894523749694E7 -4.790183164605566E7
2018-06-03_14:56:17 -1.3261032025756076E8 -5.749351204803498E7 -4.614663622733326E7
2018-06-04_08:27:29 -1.331315658078404E8 -5.771942785580638E7 -4.438440667583459E7
2018-06-05_01:58:41 -1.3363277923417273E8 -5.793665894464629E7 -4.261539660782047E7
2018-06-05_19:29:53 -1.34113879860246E8 -5.8145172104073316E7 -4.083986181759856E7
2018-06-06_13:01:05 -1.34574788267222E8 -5.8344934656365775E7 -3.9058060434688784E7
2018-06-07_06:32:17 -1.3501542639838526E8 -5.8535914480809025E7 -3.727025307912554E7
2018-06-08_00:03:29 -1.354357176535773E8 -5.871808003294361E7 -3.547670304360316E7
2018-06-08_17:34:41 -1.358355869883837E8 -5.889140036162178E7 -3.367767652802851E7
2018-06-09_11:05:53 -1.3621496105085555E8 -5.905584513330017E7 -3.187344295369301E7
2018-06-10_04:37:05 -1.365737684081672E8 -5.921138468184612E7 -3.0064275365084816E7
2018-06-10_22:08:17 -1.3691193992537397E8 -5.935799010868141E7 -2.825045089586062E7
2018-06-11_15:39:29 -1.3722940935086593E8 -5.949563345896851E7 -2.643225123283644E7
2018-06-12_09:10:41 -1.375261141329634E8 -5.962428799161707E7 -2.4609962973126534E7
2018-06-13_02:41:53 -1.3780199644260168E8 -5.97439285441321E7 -2.2783877748615935E7
2018-06-13_20:13:05 -1.380570043186978E8 -5.985453197072535E7 -2.0954292001355182E7
2018-06-14_13:44:17 -1.382910928017262E8 -5.9956077609492846E7 -1.9121506336342126E7
2018-06-15_07:15:29 -1.3850422489350793E8 -6.004854771852466E7 -1.728582444875587E7
2018-06-16_00:46:41 -1.3869637218862477E8 -6.013192781716705E7 -1.544755170375896E7
2018-06-16_18:17:53 -1.3886751506655622E8 -6.020620687944475E7 -1.36069935208557E7
2018-06-17_11:49:05 -1.3901764240537176E8 -6.027137735030235E7 -1.1764453755036583E7
2018-06-18_05:20:17 -1.391467508592411E8 -6.032743498573069E7 -9920233.26868375
2018-06-18_22:51:29 -1.3925484381300417E8 -6.037437854741417E7 -8074628.847520961
2018-06-19_16:22:41 -1.3934193016994599E8 -6.0412209403734975E7 -6227932.5416659005
2018-06-20_09:53:53 -1.3940802313462493E8 -6.044093109693192E7 -4380431.432185658
2018-06-21_03:25:05 -1.394531391233621E8 -6.046054893029613E7 -2532407.7536200425
2018-06-21_20:56:17 -1.3947729688255787E8 -6.047106961280714E7 -684139.2610793854
2018-06-22_14:27:29 -1.3948051683665395E8 -6.047250097765345E7 1164100.2791170308
2018-06-23_07:58:41 -1.394628206397489E8 -6.046485177210623E7 3012040.5646455334
2018-06-24_01:29:53 -1.3942423087856323E8 -6.044813150414359E7 4859414.274637203
2018-06-24_19:01:05 -1.3936477087160063E8 -6.042235032772569E7 6705956.623543257
2018-06-25_12:32:17 -1.3928446452439225E8 -6.03875189523793E7 8551404.958830465
2018-06-26_06:03:29 -1.391833362225354E8 -6.0343648569904834E7 1.0395498375865595E7
2018-06-26_23:34:41 -1.3906141076269332E8 -6.0290750797710136E7 1.2237977336153777E7
2018-06-27_17:05:53 -1.3891871332964116E8 -6.022883764141986E7 1.407858329018858E7
2018-06-28_10:37:05 -1.3875526952453625E8 -6.015792147853105E7 1.5917058316669874E7
2018-06-29_04:08:17 -1.3857110543979245E8 -6.007801506119431E7 1.775314479641797E7
2018-06-29_21:39:29 -1.3836624776664034E8 -5.9989131532523654E7 1.958658513131508E7
2018-06-30_15:10:41 -1.381407239175994E8 -5.989128444919815E7 2.141712150840715E7
2018-07-01_08:41:53 -1.378945621501183E8 -5.978448780470022E7 2.3244495696387727E7
2018-07-02_02:13:05 -1.3762779168672547E8 -5.96687560513473E7 2.506844885617899E7
2018-07-02_19:44:17 -1.3734044283581135E8 -5.954410412313629E7 2.688872135237814E7
2018-07-03_13:15:29 -1.3703254712170503E8 -5.941054746358036E7 2.8705052558606405E7
2018-07-04_06:46:41 -1.367041374297421E8 -5.926810206149381E7 3.0517180661930047E7
2018-07-05_00:17:53 -1.363552481655052E8 -5.9116784494476564E7 3.2324842472991295E7
2018-07-05_17:49:05 -1.359859154222822E8 -5.895661197663724E7 3.4127773242578104E7
2018-07-06_11:20:17 -1.3559617715326935E8 -5.878760240675158E7 3.592570647332182E7
2018-07-07_04:51:29 -1.3518607335829908E8 -5.860977441748914E7 3.771837370368221E7
2018-07-07_22:22:41 -1.3475564631564707E8 -5.842314743491631E7 3.9505504241923675E7
2018-07-08_15:53:53 -1.3430494090981308E8 -5.822774176743944E7 4.128682484493716E7
2018-07-09_09:25:05 -1.3383400511450842E8 -5.802357874994828E7 4.306205937151525E7
2018-07-10_02:56:17 -1.3334289067642364E8 -5.7810680967441574E7 4.4830928484301634E7
2018-07-10_20:27:29 -1.3283165400684606E8 -5.75890725705749E7 4.659314951236722E7
2018-07-11_13:58:41 -1.3230035723305774E8 -5.7358779675442755E7 4.834843659293703E7
2018-07-12_07:29:53 -1.317490692926661E8 -5.711983081134076E7 5.009650121392752E7
2018-07-13_01:01:05 -1.3117786691878091E8 -5.687225736278765E7 5.183705318102844E7
2018-07-13_18:32:17 -1.305868353373621E8 -5.661609393494277E7 5.356980199057817E7
2018-07-14_12:03:29 -1.2997606853223716E8 -5.635137857836506E7 5.529445847565992E7
2018-07-15_05:34:41 -1.2934566899642842E8 -5.6078152827885754E7 5.701073653291564E7
2018-07-15_23:05:53 -1.2869574697827487E8 -5.579646154234908E7 5.871835470807009E7
2018-07-16_16:37:05 -1.2802641932202691E8 -5.550635256791301E7 6.041703743833349E7
2018-07-17_10:08:17 -1.2733780807018326E8 -5.5207876277573496E7 6.210651581759942E7
2018-07-18_03:39:29 -1.2663003902359957E8 -5.490108505672875E7 6.3786527842747726E7
2018-07-18_21:10:41 -1.259032404390239E8 -5.4586032804887936E7 6.5456818193864144E7
2018-07-19_14:41:53 -1.2515754198944554E8 -5.426277450823603E7 6.711713767485207E7
2018-07-20_08:13:05 -1.2439307404073952E8 -5.3931365913481385E7 6.876724247186118E7
2018-07-21_01:44:17 -1.2360996722689533E8 -5.359186330672869E7 7.040689337973924E7
2018-07-21_19:15:29 -1.228083522568082E8 -5.3244323380663544E7 7.203585510387869E7
2018-07-22_12:46:41 -1.2198835986545849E8 -5.28888031626607E7 7.365389568889518E7
2018-07-23_06:17:53 -1.211501208311565E8 -5.252535997658158E7 7.526078607335311E7
2018-07-23_23:49:05 -1.2029376600759882E8 -5.215405141870211E7 7.685629973679404E7
2018-07-24_17:20:17 -1.1941942635124014E8 -5.177493533871364E7 7.844021239601175E7
2018-07-25_10:51:29 -1.185272329482122E8 -5.1388069825199336E7 8.00123017181073E7
2018-07-26_04:22:41 -1.176173170551477E8 -5.099351319901547E7 8.15723470366765E7
2018-07-26_21:53:53 -1.1668981016373281E8 -5.059132401669757E7 8.312012907648881E7
2018-07-27_15:25:05 -1.1574484408979324E8 -5.0181561083136015E7 8.465542969680853E7
2018-07-28_08:56:17 -1.1478255107695319E8 -4.976428346897301E7 8.617803166238667E7
2018-07-29_02:27:29 -1.1380306390343663E8 -4.93395505279964E7 8.768771843935293E7
2018-07-29_19:58:41 -1.128065159896041E8 -4.8907421913810745E7 8.918427399877392E7
2018-07-30_13:29:53 -1.1179304150212927E8 -4.8467957594276965E7 9.066748262599547E7
2018-07-31_07:01:05 -1.1076277547986011E8 -4.802121787484381E7 9.213712870786819E7
2018-08-01_00:32:17 -1.0971585398781481E8 -4.756726343392182E7 9.359299651264206E7
2018-08-01_18:03:29 -1.0865241431174386E8 -4.710615537608131E7 9.503486996886325E7
2018-08-02_11:34:41 -1.0757259519161668E8 -4.663795530251348E7 9.646253245862831E7
2018-08-03_05:05:53 -1.0647653708509113E8 -4.6162725394386865E7 9.787576663360436E7
2018-08-03_22:37:05 -1.0536438245218554E8 -4.56805285038974E7 9.927435425096554E7
2018-08-04_16:08:17 -1.042362760641565E8 -4.5191428252184786E7 1.006580760160651E8
2018-08-05_09:39:29 -1.0309236535734819E8 -4.469548914102687E7 1.0202671142044428E8
2018-08-06_03:10:41 -1.0193280087003896E8 -4.419277669402398E7 1.0338003857955927E8
2018-08-06_20:41:53 -1.0075773680341427E8 -4.368335764705263E7 1.0471783410596238E8
2018-08-07_14:13:05 -9.956733173075223E7 -4.3167300204059646E7 1.0603987308834293E8
2018-08-08_07:44:17 -9.836174943954627E7 -4.264467436084289E7 1.073459292718041E8
2018-08-09_01:15:29 -9.714115983825986E7 -4.211555227877543E7 1.0863577553515065E8
2018-08-09_18:46:41 -9.590573980767491E7 -4.1580008667791165E7 1.0990918472926061E8
2018-08-10_12:17:53 -9.465567384552631E7 -4.103812112107986E7 1.111659308782177E8
2018-08-11_05:49:05 -9.33911543553569E7 -4.0489970338785134E7 1.1240579066670308E8
2018-08-11_23:20:17 -9.21123814731767E7 -3.9935640188762434E7 1.1362854506225811E8
2018-08-12_16:51:29 -9.081956239913698E7 -3.9375217576894045E7 1.1483398087407607E8
2018-08-13_10:22:41 -8.951291029155016E7 -3.880879213325128E7 1.1602189204355986E8
2018-08-14_03:53:53 -8.819264285998586E7 -3.823645575321308E7 1.1719208050387481E8
2018-08-14_21:25:05 -8.68589808458637E7 -3.765830205764353E7 1.1834435652239162E8
2018-08-15_14:56:17 -8.55121465859195E7 -3.707442584539496E7 1.194785385349325E8
2018-08-16_08:27:29 -8.415236281897645E7 -3.648492260439081E7 1.2059445256656253E8
2018-08-17_01:58:41 -8.27798518353756E7 -3.588988812913629E7 1.2169193138649775E8
2018-08-17_19:29:53 -8.139483497387719E7 -3.528941825761076E7 1.2277081357488276E8
2018-08-18_13:01:05 -7.999753243319704E7 -3.4683608727064505E7 1.2383094263178025E8
2018-08-19_06:32:17 -7.858816329349254E7 -3.4072555116541006E7 1.2487216623309228E8
2018-08-20_00:03:29 -7.71669456517979E7 -3.3456352844443355E7 1.2589433566354208E8
2018-08-20_17:34:41 -7.573409678577797E7 -3.2835097189327773E7 1.2689730541222379E8
2018-08-21_11:05:53 -7.428983329556015E7 -3.220888331294991E7 1.2788093288443266E8
2018-08-22_04:37:05 -7.283437120635459E7 -3.157780627565372E7 1.2884507817801152E8
2018-08-22_22:08:17 -7.13679260405606E7 -3.094196104402944E7 1.2978960388264549E8
2018-08-23_15:39:29 -6.989071287764855E7 -3.0301442495113764E7 1.3071437487977324E8
2018-08-24_09:10:41 -6.84029464174858E7 -2.965634542143327E7 1.3161925813737391E8
2018-08-25_02:41:53 -6.690484105380877E7 -2.900676453865809E7 1.3250412250221096E8
2018-08-25_20:13:05 -6.5396610958029635E7 -2.8352794495758846E7 1.3336883849105985E8
2018-08-26_13:44:17 -6.38784701700744E7 -2.7694529886373427E7 1.342132780786412E8
2018-08-27_07:15:29 -6.235063270069887E7 -2.703206526331352E7 1.350373144745322E8
2018-08-28_00:46:41 -6.081331265517511E7 -2.6365495160264406E7 1.358408218844332E8
2018-08-28_18:17:53 -5.926672439573864E7 -2.569491412797875E7 1.3662367525757787E8
2018-08-29_11:49:05 -5.771108275819444E7 -2.5020416791753404E7 1.37385750032944E8
2018-08-30_05:20:17 -5.614660333053221E7 -2.4342097934269033E7 1.3812692190446725E8
2018-08-30_22:51:29 -5.457350279078248E7 -2.3660052603735313E7 1.388470666262081E8
2018-08-31_16:22:41 -5.299199929172548E7 -2.297437624320862E7 1.3954605987233606E8
2018-09-01_09:53:53 -5.140231287825344E7 -2.228516483583239E7 1.40223777156498E8
2018-09-02_03:25:05 -4.980466592902719E7 -2.1592515062768638E7 1.4088009380755565E8
2018-09-02_20:56:17 -4.819928362634785E7 -2.0896524475680243E7 1.4151488499904865E8
2018-09-03_14:27:29 -4.6586394465037264E7 -2.0197291689108565E7 1.421280258425649E8
2018-09-04_07:58:41 -4.496623081911961E7 -1.949491660299313E7 1.427193915717211E8
2018-09-05_01:29:53 -4.333902954680355E7 -1.8789500651077744E7 1.4328885787171006E8
2018-09-05_19:01:05 -4.170503262166343E7 -1.808114707619308E7 1.4383630140398768E8
2018-09-06_12:32:17 -4.006448770671576E7 -1.7369961203535076E7 1.4436160057785508E8
2018-09-07_06:03:29 -3.841764857882689E7 -1.6656050678125061E7 1.4486463657849896E8
2018-09-07_23:34:41 -3.676477529440141E7 -1.5939525622265961E7 1.4534529461113086E8
2018-09-08_17:05:53 -3.51061340047126E7 -1.5220498671176907E7 1.4580346526337877E8
2018-09-09_10:37:05 -3.344199637301507E7 -1.4499084857923962E7 1.4623904584257168E8
2018-09-10_04:08:17 -3.1772638611937374E7 -1.3775401342189962E7 1.4665194152469358E8
2018-09-10_21:39:29 -3.0098340225730743E7 -1.3049567002996454E7 1.4704206616814038E8
2018-09-11_15:10:41 -2.8419382597980466E7 -1.2321701940022815E7 1.4740934269402134E8
2018-09-12_08:41:53 -2.673604759054752E7 -1.159192694279559E7 1.477537030062301E8
2018-09-13_02:13:05 -2.5048616310914297E7 -1.086036298967269E7 1.4807508750002375E8
2018-09-13_19:44:17 -2.3357368162442517E7 -1.012713082750425E7 1.4837344426960096E8
2018-09-14_13:15:29 -2.166258023320935E7 -9392350.664013425 1.486487281578993E8
2018-09-15_06:46:41 -1.9964527012041584E7 -8656141.980190564 1.4890089979210603E8
2018-09-16_00:17:53 -1.8263480370160483E7 -7918623.44936559 1.4912992471853498E8
2018-09-16_17:49:05 -1.6559709716658145E7 -7179912.934620687 1.4933577270382988E8
2018-09-17_11:20:17 -1.4853482234300135E7 -6440127.531453246 1.4951841721950087E8
2018-09-18_04:51:29 -1.3145063120376378E7 -5699383.625824588 1.4967783508708346E8
2018-09-18_22:22:41 -1.1434715785843205E7 -4957796.946120821 1.4981400623904777E8
2018-09-19_15:53:53 -9722701.998007977 -4215482.599061854 1.4992691354592127E8
2018-09-20_09:25:05 -8009281.971239953 -3472555.0873804186 1.5001654266896942E8
2018-09-21_02:56:17 -6294714.424611913 -2729128.314173131 1.500828819113477E8
2018-09-21_20:27:29 -4579256.621940972 -1985315.5787397495 1.5012592205340546E8
2018-09-22_13:58:41 -2863164.417872202 -1241229.5734533956 1.5014565616477588E8
2018-09-23_07:29:53 -1146692.3035725232 -496982.37865317403 1.5014207938928592E8
2018-09-24_01:01:05 569906.5129829911 247314.52969547597 1.5011518869866526E8
2018-09-24_18:32:17 2286379.9953174014 991550.2618745277 1.5006498261510956E8
2018-09-25_12:03:29 4002477.111157497 1735614.476491791 1.4999146090908402E8
2018-09-26_05:34:41 5717947.593825939 2479397.316676541 1.4989462428914264E8
2018-09-26_23:05:53 7432541.6198611185 3222789.3145383094 1.4977447411079064E8
2018-09-27_16:37:05 9146009.40221273 3965681.261556687 1.496310121376222E8
2018-09-28_10:08:17 1.0858100709581735E7 4707964.0459865155 1.4946424038737932E8
2018-09-29_03:39:29 1.2568564334498221E7 5449528.462831649 1.4927416108796728E8
2018-09-29_21:10:41 1.4277147537572939E7 6190265.004282948 1.4906077675673145E8
2018-09-30_14:41:53 1.5983595495625643E7 6930063.639738905 1.4882409040481386E8
2018-10-01_08:13:05 1.7687650775392458E7 7668813.593411272 1.4856410586175022E8
2018-10-02_01:44:17 1.9389052849619474E7 8406403.1266301 1.4828082821515742E8
2018-10-02_19:15:29 2.1087537670171928E7 9142719.331516972 1.4797426436517307E8
2018-10-03_12:46:41 2.2782837317107927E7 9877647.94423223 1.476444236983911E8
2018-10-04_06:17:53 2.447467975429169E7 1.0611073190236354E7 1.4729131888535973E8
2018-10-04_23:49:05 2.6162788731926024E7 1.134287767767509E7 1.469149667955093E8
2018-10-05_17:20:17 2.7846883885081142E7 1.2072942359143246E7 1.4651538950178826E8
2018-10-06_10:51:29 2.952668107104555E7 1.2801146581127714E7 1.4609261531963214E8
2018-10-07_04:22:41 3.1201892970345043E7 1.3527368235642444E7 1.456466797977429E8
2018-10-07_21:53:53 3.2872229942700602E7 1.4251484017549075E7 1.4517762656206173E8
2018-10-08_15:25:05 3.4537401090955734E7 1.4973369777432278E7 1.446855079156756E8
2018-10-09_08:56:17 3.619711544779844E7 1.5692900944583276E7 1.4417038512036234E8
2018-10-10_02:27:29 3.785108317833046E7 1.6409952984033396E7 1.4363232832519308E8
2018-10-10_19:58:41 3.949901667745483E7 1.7124401841876492E7 1.430714161603567E8
2018-10-11_13:29:53 4.114063148154221E7 1.7836124345409516E7 1.4248773505423573E8
2018-10-12_07:01:05 4.277564691036833E7 1.8544998517501213E7 1.4188137837839296E8
2018-10-13_00:32:17 4.4403786436544955E7 1.9250903795293882E7 1.412524455266947E8
2018-10-13_18:03:29 4.6024777799388535E7 1.9953721149579E7 1.4060104103370392E8
2018-10-14_11:34:41 4.7638352921510786E7 2.0653333119427446E7 1.399272738080898E8
2018-10-15_05:05:53 4.924424769900205E7 2.134962378468878E7 1.3923125652215898E8
2018-10-15_22:37:05 5.0842201738339975E7 2.2042478703790095E7 1.3851310516179612E8
2018-10-16_16:08:17 5.2431958096609384E7 2.2731784840933528E7 1.3777293871453843E8
2018-10-17_09:39:29 5.4013263063172854E7 2.3417430501583613E7 1.3701087895726323E8
2018-10-18_03:10:41 5.55858659983085E7 2.409930528653173E7 1.3622705030230466E8
2018-10-18_20:41:53 5.714951922854938E7 2.477730006771817E7 1.354215796656383E8
2018-10-19_14:13:05 5.870397798752231E7 2.5451306983144145E7 1.345945963297218E8
2018-10-20_07:44:17 6.024900038563088E7 2.61212194447058E7 1.3374623178192139E8
2018-10-21_01:15:29 6.178434738897714E7 2.6786932150972053E7 1.3287661951557282E8
2018-10-21_18:46:41 6.330978278624992E7 2.744834109646821E7 1.3198589478468004E8
2018-10-22_12:17:53 6.482507311843415E7 2.810534356809143E7 1.3107419430874951E8
2018-10-23_05:49:05 6.6329987543913E7 2.87578381188786E7 1.3014165593218975E8
2018-10-23_23:20:17 6.782429761245671E7 2.9405724509510916E7 1.2918841825426868E8
2018-10-24_16:51:29 6.930777692598377E7 3.0048903608443446E7 1.2821462026070385E8
2018-10-25_10:22:41 7.07802006769011E7 3.0687277244746942E7 1.2722040100085361E8
2018-10-26_03:53:53 7.224134507188405E7 3.132074801239111E7 1.2620589936276166E8
2018-10-26_21:25:05 7.369098666899776E7 3.1949219031200632E7 1.2517125399727829E8
2018-10-27_14:56:17 7.512890167453714E7 3.2572593676929332E7 1.2411660343073504E8
2018-10-28_08:27:29 7.655486525755785E7 3.3190775298925865E7 1.2304208638547528E8
2018-10-29_01:58:41 7.796865093667613E7 3.38036669450049E7 1.2194784230749221E8
2018-10-29_19:29:53 7.937003010564396E7 3.441117112180703E7 1.2083401206257212E8
2018-10-30_13:01:05 8.075877171782266E7 3.501318960220452E7 1.1970073876917784E8
2018-10-31_06:32:17 8.213464216481227E7 3.5609623300228275E7 1.1854816870326692E8
2018-11-01_00:03:29 8.34974053484774E7 3.6200372219217494E7 1.1737645222513182E8
2018-11-01_17:34:41 8.484682294097388E7 3.678533547629782E7 1.1618574467883249E8
2018-11-02_11:05:53 8.618265481850025E7 3.7364411401025556E7 1.1497620722425549E8
2018-11-03_04:37:05 8.750465965131597E7 3.793749770324226E7 1.1374800756817226E8
2018-11-03_22:08:17 8.881259562950645E7 3.85044917031581E7 1.1250132056431507E8
2018-11-04_15:39:29 9.010622129955208E7 3.906529061508106E7 1.112363286531681E8
2018-11-05_09:10:41 9.138529647835115E7 3.96197918736474E7 1.0995322211378811E8
2018-11-06_02:41:53 9.264958320162907E7 4.016789348837766E7 1.0865219910444695E8
2018-11-06_20:13:05 9.389884665390575E7 4.070949440861478E7 1.073334654802429E8
2018-11-07_13:44:17 9.513285602196786E7 4.1244494877789006E7 1.0599723439383788E8
2018-11-08_07:15:29 9.635138521709947E7 4.1772796755122244E7 1.0464372570695686E8
2018-11-09_00:46:41 9.755421342290358E7 4.229430378468102E7 1.0327316526229218E8
2018-11-09_18:17:53 9.87411254460629E7 4.2808921797280975E7 1.0188578408054422E8
2018-11-10_11:49:05 9.991191187161765E7 4.3316558838844866E7 1.0048181755259676E8
2018-11-11_05:20:17 1.0106636904754442E8 4.381712522807843E7 9.9061504690031E7
2018-11-11_22:51:29 1.0220429894052264E8 4.431053355472642E7 9.762508748010139E7
2018-11-12_16:22:41 1.0332550891293095E8 4.479669863556424E7 9.61728103677595E7
2018-11-13_09:53:53 1.0442981146867235E8 4.527553744712139E7 9.470491986450844E7
2018-11-14_03:25:05 1.0551702400663568E8 4.574696905284199E7 9.322166426437241E7
2018-11-14_20:56:17 1.0658696860646425E8 4.621091453773143E7 9.172329343760723E7
2018-11-15_14:27:29 1.0763947185900177E8 4.6667296958450906E7 9.021005866891485E7
2018-11-16_07:58:41 1.0867436473941511E8 4.711604130994235E7 8.86822125158376E7
2018-11-17_01:29:53 1.0969148252647611E8 4.7557074511157125E7 8.714000865009263E7
2018-11-17_19:01:05 1.1069066474424155E8 4.799032540017932E7 8.558370168154767E7
2018-11-18_12:32:17 1.116717551199615E8 4.841572473695053E7 8.401354693502724E7
2018-11-19_06:03:29 1.126346015311266E8 4.883320520363418E7 8.242980017337872E7
2018-11-19_23:34:41 1.1357905591033784E8 4.924270139174972E7 8.083271726055183E7
2018-11-20_17:05:53 1.1450497407019803E8 4.964414976257467E7 7.922255376903562E7
2018-11-21_10:37:05 1.1541221540750356E8 5.003748856487467E7 7.759956455605629E7
2018-11-22_04:08:17 1.1630064245491548E8 5.042265769524912E7 7.596400335338874E7
2018-11-22_21:39:29 1.1717012026791966E8 5.0799598491309606E7 7.431612243600202E7
2018-11-23_15:10:41 1.1802051566429958E8 5.116825345715685E7 7.265617244711086E7
2018-11-24_08:41:53 1.1885169636831926E8 5.1528565933559306E7 7.09844024530888E7
2018-11-25_02:13:05 1.1966353014231706E8 5.188047973847058E7 6.930106028130946E7
2018-11-25_19:44:17 1.204558840074414E8 5.222393881434594E7 6.760639315623008E7
2018-11-26_13:15:29 1.212286236551581E8 5.255888692335726E7 6.590064860339195E7
2018-11-27_06:46:41 1.2198161313117231E8 5.288526742860313E7 6.4184075545973405E7
2018-11-28_00:17:53 1.2271471483620156E8 5.320302318847357E7 6.24569254870739E7
2018-11-28_17:49:05 1.2342778984347472E8 5.351209657542408E7 6.0719453657828614E7
2018-11-29_11:20:17 1.2412069848983271E8 5.381242961266612E7 5.897192002271851E7
2018-11-30_04:51:29 1.2479330116643313E8 5.410396420729717E7 5.721459006341393E7
2018-11-30_22:22:41 1.2544545922282197E8 5.438664244974456E7 5.544773530059958E7
2018-12-01_15:53:53 1.2607703590211026E8 5.4660406947194986E7 5.367163355556267E7
2018-12-02_09:25:05 1.2668789724483147E8 5.492520116393366E7 5.188656897974555E7
2018-12-03_02:56:17 1.2727791292193629E8 5.518096974942663E7 5.009283189818984E7
2018-12-03_20:27:29 1.2784695698020287E8 5.542765884436395E7 4.8290718508758456E7
2018-12-04_13:58:41 1.2839490849303077E8 5.5665216359659374E7 4.648053048007675E7
2018-12-05_07:29:53 1.2892165212162645E8 5.589359222954462E7 4.46625744517796E7
2018-12-06_01:01:05 1.2942707857482696E8 5.611273863317112E7 4.283716147427551E7
2018-12-06_18:32:17 1.2991108496350837E8 5.632261018222139E7 4.100460638340777E7
2018-12-07_12:03:29 1.3037357503603731E8 5.652316406692968E7 3.916522713521819E7
2018-12-08_05:34:41 1.3081445928805421E8 5.6714360154591314E7 3.731934412812202E7
2018-12-08_23:05:53 1.3123365495072629E8 5.689616103838008E7 3.546727954546255E7
2018-12-09_16:37:05 1.3163108587420855E8 5.706853203960158E7 3.3609356754526034E7
2018-12-10_10:08:17 1.3200668233549975E8 5.723144117270382E7 3.1745899785406016E7
2018-12-11_03:39:29 1.3236038080395406E8 5.738485908562495E7 2.9877232903873302E7
2018-12-11_21:10:41 1.326921236961366E8 5.7528758989028156E7 2.8003680273232765E7
2018-12-12_14:41:53 1.3300185914274606E8 5.766311658533239E7 2.6125565689482838E7
2018-12-13_08:13:05 1.3328954077940112E8 5.778791000420758E7 2.424321236803497E7
2018-12-14_01:44:17 1.3355512756390549E8 5.790311974700724E7 2.2356942760152463E7
2018-12-14_19:15:29 1.3379858361757572E8 5.800872863988076E7 2.046707838077742E7
2018-12-15_12:46:41 1.3401987808681452E8 5.8104721794348925E7 1.857393963398895E7
2018-12-16_06:17:53 1.3421898502094412E8 5.819108657430195E7 1.6677845621228177E7
2018-12-16_23:49:05 1.3439588325855812E8 5.826781256763445E7 1.4779113916930906E7
2018-12-17_17:20:17 1.3455055630561367E8 5.833489155792778E7 1.28780602938635E7
2018-12-18_10:51:29 1.3468299217441556E8 5.8392317486108676E7 1.0974998385908335E7
2018-12-19_04:22:41 1.347931831387902E8 5.844008638539638E7 9070239.29010559
2018-12-19_21:53:53 1.3488112535436603E8 5.84781962678455E7 7164091.136427302
2018-12-20_15:25:05 1.349468183015098E8 5.850664694087634E7 5256858.686160013
2018-12-21_08:56:17 1.349902640359078E8 5.852543973986272E7 3348843.0466481075
2018-12-22_02:27:29 1.3501146627509135E8 5.853457717813883E7 1440341.6064944721
2018-12-22_19:58:41 1.3501042939978057E8 5.853406253628953E7 -468351.70945465827
2018-12-23_13:29:53 1.3498715749263975E8 5.8523899433047846E7 -2376945.8271453
2018-12-24_07:01:05 1.349416535590773E8 5.850409143418568E7 -4285151.533072387
2018-12-25_00:32:17 1.348739190666494E8 5.8474641758934036E7 -6192680.200320482
2018-12-25_18:03:29 1.347839538981631E8 5.8435553132736854E7 -8099242.359557113
2018-12-26_11:34:41 1.3467175674806687E8 5.8386827812755175E7 -1.0004546289968343E7
2018-12-27_05:05:53 1.345373259171546E8 5.8328467783479095E7 -1.1908296804490684E7
2018-12-27_22:37:05 1.3438066039606175E8 5.8260475091579795E7 -1.3810194366926363E7
2018-12-28_16:08:17 1.3420176108923633E8 5.8182852268784344E7 -1.5709934616797883E7
2018-12-29_09:39:29 1.3400063202668577E8 5.80956027839319E7 -1.7607208303060688E7
2018-12-30_03:10:41 1.3377728143875031E8 5.799873147116599E7 -1.9501701564569443E7
2018-12-30_20:41:53 1.3353172261886142E8 5.789224489742978E7 -2.1393096454030044E7
2018-12-31_14:13:05 1.3326397455455081E8 5.77761516531573E7 -2.328107159279737E7
2019-01-01_07:44:17 1.3297406235222006E8 5.765046256884148E7 -2.5165302861864634E7
2019-01-02_01:15:29 1.3266201750613329E8 5.751519087217014E7 -2.7045464068690803E7
2019-01-02_18:46:41 1.3232787806427215E8 5.737035230366419E7 -2.892122756717384E7
2019-01-03_12:17:53 1.3197168872880733E8 5.721596520468333E7 -3.079226483533607E7
2019-01-04_05:49:05 1.3159350090706861E8 5.705205058387878E7 -3.26582470272724E7
2019-01-04_23:20:17 1.311933727111058E8 5.687863216116756E7 -3.451884551073211E7
2019-01-05_16:51:29 1.3077136889607684E8 5.669573638478383E7 -3.637373239126358E7
2019-01-06_10:22:41 1.3032756073227346E8 5.650339241847388E7 -3.8222581009323336E7
2019-01-07_03:53:53 1.2986202581681125E8 5.630163210042314E7 -4.0065066392672464E7
2019-01-07_21:25:05 1.2937484784285131E8 5.609048988070406E7 -4.190086564986457E7
2019-01-08_14:56:17 1.2886611635004094E8 5.58700027470221E7 -4.372965830136026E7
2019-01-09_08:27:29 1.2833592647679755E8 5.5640210147809066E7 -4.5551126557824515E7
2019-01-10_01:58:41 1.2778437872797781E8 5.540115391906796E7 -4.736495555450636E7
2019-01-10_19:29:53 1.272115787534793E8 5.515287821364417E7 -4.917083357425108E7
2019-01-11_13:01:05 1.2661763713754156E8 5.489542943321586E7 -5.0968452246426634E7
2019-01-12_06:32:17 1.2600266918666282E8 5.462885615795671E7 -5.275750674078357E7
2019-01-13_00:03:29 1.2536679471477745E8 5.435320907361959E7 -5.453769595100318E7
2019-01-13_17:34:41 1.247101378278713E8 5.4068540897983946E7 -5.630872267228503E7
2019-01-14_11:05:53 1.2403282670903148E8 5.377490630911923E7 -5.807029378783738E7
2019-01-15_04:37:05 1.233349933953714E8 5.347236187464201E7 -5.982212048574403E7
2019-01-15_22:08:17 1.2261677352027291E8 5.316096597336643E7 -6.156391852658391E7
2019-01-16_15:39:29 1.2187830597604465E8 5.284077869140459E7 -6.3295408564273E7
2019-01-17_09:10:41 1.2111973244312248E8 5.2511861667933024E7 -6.501631649003241E7
2019-01-18_02:41:53 1.2034119674274981E8 5.2174277866503574E7 -6.672637372799478E7
2019-01-18_20:13:05 1.1954284400369595E8 5.182809125831598E7 -6.842531737736759E7
2019-01-19_13:44:17 1.1872481968711708E8 5.147336642441569E7 -7.011289008229928E7
2019-01-20_07:15:29 1.1788726857218485E8 5.111016810907859E7 -7.178883953214724E7
2019-01-21_00:46:41 1.1703033385240306E8 5.073856078030164E7 -7.34529175491122E7
2019-01-21_18:17:53 1.1615415650913006E8 5.035860826660061E7 -7.510487880133544E7
2019-01-22_11:49:05 1.1525887510587351E8 4.9970373537169576E7 -7.674447926481825E7
2019-01-23_05:20:17 1.1434462608506136E8 4.9573918673299894E7 -7.837147462426169E7
2019-01-23_22:51:29 1.134115445610948E8 4.916930504640899E7 -7.998561883173952E7
2019-01-24_16:22:41 1.1245976551273999E8 4.875659368066704E7 -8.158666302101895E7
2019-01-25_09:53:53 1.1148942520722555E8 4.833584574543232E7 -8.317435491034806E7
2019-01-26_03:25:05 1.1050066265611394E8 4.790712310303094E7 -8.474843873466313E7
2019-01-26_20:56:17 1.0949362091715385E8 4.747048883583687E7 -8.630865565220772E7
2019-01-27_14:27:29 1.084684481082494E8 4.702600769132407E7 -8.785474449871123E7
2019-01-28_07:58:41 1.0742529807879297E8 4.657374641200971E7 -8.93864427208493E7
2019-01-29_01:29:53 1.0636433074463885E8 4.6113773940536834E7 -9.090348734860773E7
2019-01-29_19:01:05 1.0528571217107356E8 4.564616152404821E7 -9.24056158725264E7
2019-01-30_12:32:17 1.0418961448836787E8 4.517098274470272E7 -9.389256698501101E7
2019-01-31_06:03:29 1.0307621573241742E8 4.468831351056007E7 -9.536408117636149E7
2019-01-31_23:34:41 1.019456996695392E8 4.4198232030503616E7 -9.681990121948062E7
2019-02-01_17:05:53 1.0079825563024276E8 4.3700818784937255E7 -9.825977258716227E7
2019-02-02_10:37:05 9.963407834887931E7 4.319615649331112E7 -9.968344383624336E7
2019-02-03_04:08:17 9.845336779254377E7 4.2684330073720805E7 -1.0109066697373265E8
2019-02-03_21:39:29 9.725632896477222E7 4.216542658998079E7 -1.0248119780194801E8
2019-02-04_15:10:41 9.604317168061148E7 4.1639535185372874E7 -1.0385479623175772E8
2019-02-05_08:41:53 9.481411032187948E7 4.110674700686822E7 -1.0521122655591339E8
2019-02-06_02:13:05 9.356936358667131E7 4.056715512562899E7 -1.0655025768503202E8
2019-02-06_19:44:17 9.230915424362138E7 4.002085445813E7 -1.0787166335890076E8
2019-02-07_13:15:29 9.103370889234687E7 3.946794168846518E7 -1.0917522234855226E8
2019-02-08_06:46:41 8.974325772122242E7 3.890851518801686E7 -1.1046071865961917E8
2019-02-09_00:17:53 8.843803425068368E7 3.834267492734615E7 -1.117279417351693E8
2019-02-09_17:49:05 8.711827505242099E7 3.777052237611427E7 -1.1297668664770329E8
2019-02-10_11:20:17 8.578421944546649E7 3.719216039173191E7 -1.1420675426573604E8
2019-02-11_04:51:29 8.443610917719147E7 3.660769310108189E7 -1.1541795138889791E8
2019-02-11_22:22:41 8.307418809787776E7 3.6017225780694656E7 -1.1661009085937226E8
2019-02-12_15:53:53 8.16987018273481E7 3.542086473679323E7 -1.1778299166967492E8
2019-02-13_09:25:05 8.030989739414944E7 3.481871717841623E7 -1.1893647908733131E8
2019-02-14_02:56:17 7.890802280874828E7 3.421089106691354E7 -1.2007038480094327E8
2019-02-14_20:27:29 7.749332652548508E7 3.359749491931393E7 -1.2118454705887698E8
2019-02-15_13:58:41 7.606605676879005E7 3.2978637548537694E7 -1.2227881072669163E8
2019-02-16_07:29:53 7.462646071617007E7 3.2354427727701794E7 -1.2335302717431708E8
2019-02-17_01:01:05 7.317478361662297E7 3.1724973801686466E7 -1.2440705387251095E8
2019-02-17_18:32:17 7.171126794548087E7 3.109038328005513E7 -1.2544075363293816E8
2019-02-18_12:03:29 7.023615275188823E7 3.0450762473580964E7 -1.2645399347493999E8
2019-02-19_05:34:41 6.87496733517252E7 2.9806216241810184E7 -1.2744664319092824E8
2019-02-19_23:05:53 6.72520614809041E7 2.9156847910323847E7 -1.2841857376401266E8
2019-02-20_16:37:05 6.5743545950842336E7 2.8502759391416483E7 -1.2936965584650075E8
2019-02-21_10:08:17 6.422435375444909E7 2.7844051505412344E7 -1.302997585191498E8
2019-02-22_03:39:29 6.2694711485842735E7 2.7180824463021316E7 -1.3120874850960912E8
2019-02-22_21:10:41 6.115484687819398E7 2.6513178439606696E7 -1.3209648996690571E8
2019-02-23_14:41:53 5.96049902516642E7 2.584121415965125E7 -1.3296284478555349E8
2019-02-24_08:13:05 5.804537569529419E7 2.516503341494627E7 -1.338076733776485E8
2019-02-25_01:44:17 5.6476241875147186E7 2.4484739461830847E7 -1.3463083572627768E8
2019-02-25_19:15:29 5.489783244436977E7 2.380043727358355E7 -1.3543219253323397E8
2019-02-26_12:46:41 5.331039610409959E7 2.3112233653967917E7 -1.3621160629920194E8
2019-02-27_06:17:53 5.1714186414960705E7 2.2420237241560962E7 -1.369689422293468E8
2019-02-27_23:49:05 5.010946147142159E7 2.1724558444038123E7 -1.3770406892520526E8
2019-02-28_17:20:17 4.849648353748366E7 2.102530934073467E7 -1.3841685888025126E8
2019-03-01_10:51:29 4.687551870503214E7 2.0322603580352165E7 -1.391071888319475E8
2019-03-02_04:22:41 4.524683659928108E7 1.9616556287772357E7 -1.3977494002996624E8
2019-03-02_21:53:53 4.36107101259749E7 1.8907283982183244E7 -1.4041999846727902E8
2019-03-03_15:25:05 4.19674152418482E7 1.819490450251018E7 -1.4104225509825942E8
2019-03-04_08:56:17 4.031723073038585E7 1.74795369349402E7 -1.416416060484697E8
2019-03-05_02:27:29 3.866043797383649E7 1.6761301539629001E7 -1.422179528113396E8
2019-03-05_19:58:41 3.699732072805104E7 1.604031967935052E7 -1.427712024261755E8
2019-03-06_13:29:53 3.532816488670158E7 1.5316713743735773E7 -1.4330126764739287E8
2019-03-07_07:01:05 3.3653258255271964E7 1.459060707748748E7 -1.4380806710807204E8
2019-03-08_00:32:17 3.197289030851075E7 1.3862123900956891E7 -1.4429152549404597E8
2019-03-08_18:03:29 3.0287351922971383E7 1.3131389219364984E7 -1.447515737281091E8
2019-03-09_11:34:41 2.8596935068059616E7 1.2398528713289617E7 -1.4518814915449053E8
2019-03-10_05:05:53 2.6901932449255668E7 1.1663668607274111E7 -1.456011957028612E8
2019-03-10_22:37:05 2.5202637109018307E7 1.0926935518459499E7 -1.459906640090696E8
2019-03-11_16:08:17 2.349934200025433E7 1.018845629140097E7 -1.4635651147750905E8
2019-03-12_09:39:29 2.1792339548749574E7 9448357.826297063 -1.4669870228378496E8
2019-03-13_03:10:41 2.0081921213762134E7 8706766.905061929 -1.4701720732835764E8
2019-03-13_20:41:53 1.836837703871606E7 7963810.011982731 -1.473120041547793E8
2019-03-14_14:13:05 1.6651995173018767E7 7219613.139908345 -1.4758307683383816E8
2019-03-15_07:44:17 1.4933061339954844E7 6474301.568364783 -1.4783041579145673E8
2019-03-16_01:15:29 1.3211858243570797E7 5727999.605471313 -1.480540175303089E8
2019-03-16_18:46:41 1.1488664936121706E7 4980830.296116374 -1.4825388417802703E8
2019-03-17_12:17:53 9763756.211368829 4232915.117426584 -1.4843002279878837E8
2019-03-18_05:49:05 8037402.124530895 3484373.699778319 -1.4858244443722004E8
2019-03-18_23:20:17 6309867.758122242 2735323.6237472245 -1.4871116291938305E8
2019-03-19_16:51:29 -6360708.56226907 -2757247.3950468777 -1.4894131561115006E8
