#X Y Z
0.6246292 0.67622083 0.047922075 1.5985374
1.9917663 -0.0016526738 0.025836222 1.1061535
0.6049261 -0.66363287 0.025340633 0.048258103
-0.42856342 -0.36430144 -0.0017959103 0.19069892
0.37282258 -0.10529498 0.019159365 0.2122017
-0.31639197 0.22066127 0.007660384 0.12009359
-1.3772892 -1.3515925 -0.03173743 0.27090603
1.616083 -1.6482048 -0.0035062954 0.08692006
-0.19484639 0.2157742 -0.025563717 1.957847
-0.42413494 0.07114629 0.026739601 1.20232
1.1662322 -0.11862627 -0.012261346 1.0001162
-1.5331169 -2.573169 -0.013486768 1.9723378
2.192162 0.2986456 0.044091634 1.4392681
0.6013156 -0.9122143 -0.03611201 0.69230115
0.13748004 0.5737105 -8.1207743E-4 0.6588677
0.80563164 -0.8810514 -0.03911548 0.4787844
1.2372371 2.2055433 -0.032025542 0.9997635
1.6660362 0.86867744 0.009895015 0.5266923
-0.7828695 -1.0437347 -0.020770138 0.71271646
-0.9943572 -0.3496731 0.061622106 0.3332311
0.038490012 -0.041059453 0.0023352345 1.1692855
-0.87129086 -0.72405916 -0.009366898 0.3350698
3.0049434 0.4127778 0.031905696 1.3612336
-0.7994491 -0.43670565 -0.010336379 1.0693662
0.5268757 -0.5925853 -0.004386065 0.15178289
0.3070891 0.9508808 0.004123663 0.6084696
-0.835014 -0.18067572 -0.058626033 0.029481793
0.6896684 -3.5341885 0.03641098 0.9200187
0.8606989 1.0496223 -0.009102501 0.02524795
-1.612186 0.38171005 0.04273839 0.24207033
-1.0651414 1.184333 -0.081185184 0.59360546
-1.795239 -1.6716337 -0.016210688 0.888594
-0.77019054 0.6795395 0.04525592 1.4645661
-0.04645029 -1.6954683 0.029074134 0.42381194
0.4148545 1.2984529 -0.03517952 0.18339512
1.5085001 -1.1883864 0.010331897 0.9353272
-0.5995647 -1.9896002 -0.014423921 0.27012676
0.10007363 -0.2352997 -0.012405196 0.11317522
-0.97302485 0.33994877 0.03845855 0.41618037
-1.1484618 -1.1193906 0.06538836 0.61149395
-1.1203703 0.95090234 -0.019112302 0.27154443
-0.71764565 -0.3092031 -0.047198772 1.3589431
1.1169517 0.26625612 -0.032154053 0.73184425
-0.6723983 -1.2256708 -0.026671113 4.1021204
-1.8290478 0.9431099 0.037846655 0.9413553
0.025179015 -1.3232664 -6.055163E-4 0.44960994
-2.0298002 0.7008745 0.001784657 1.4004213
0.38847134 -0.0054448633 0.027411519 0.46703887
-2.6168802 0.50962347 -0.040878907 1.3447402
2.0502508 -0.40146926 0.0014068849 0.44855577
0.2726205 -1.4134455 0.055394966 0.6719924
2.0102599 1.1265514 -0.021449497 1.5980504
-0.6589833 -0.19239908 0.03151051 0.5375243
0.46330136 -0.28178123 0.027931409 0.60511875
1.7527897 1.11348 -0.014068108 0.23688531
-0.90512055 0.81113076 -0.085109845 0.0101407
-2.3394222 -0.8658836 0.008988718 0.85789007
0.1401785 -1.213873 -0.047294505 1.8245835
2.1071832 0.22908069 0.046042737 0.18122126
0.2514161 0.5609075 0.0061445762 0.07015371
0.15315764 0.038175877 0.019596897 0.34536693
-0.3093002 1.6259024 -0.013693181 1.0843098
-2.122251 -1.8157288 0.030548712 0.49671423
-0.17814085 0.25391737 0.028862525 0.028910143
-1.0409188 0.6310907 0.005867875 2.1316962
-1.1476792 -0.8930577 0.007666579 0.41400453
-1.0766593 -0.55212915 -0.020305982 2.3584993
-0.18368945 1.5099679 0.019863306 0.9592383
0.95124364 0.95544726 0.0083304895 0.887048
0.040162463 0.0968477 -0.02600928 0.47502807
