#X Y Z
-0.24840282 -0.04369636 0.35521847
0.17622922 -0.055606544 0.47093067
0.23051424 0.009929685 0.33530575
0.68127275 -0.027125891 0.14788389
0.5352957 -0.03609072 0.3790897
-0.064798705 0.01362902 0.23009518
-0.52079815 3.6332887E-4 0.35981208
-0.3800098 0.031493433 0.04823184
-0.10734725 -0.05311816 0.5320018
0.028367791 0.0999297 0.045412876
0.114680864 0.014323204 0.13969189
1.0059826 -6.4066827E-4 -1.0408857
0.09463785 -0.031873696 -0.042260848
0.41219705 0.030591149 -0.3462792
0.1021927 -0.07207793 0.1959754
0.43961453 -0.032343954 0.062134355
0.053458367 0.023050005 -0.11019735
-0.019479379 -0.029640932 -0.5443846
0.04165621 0.04721999 -0.5755042
0.15141344 0.002029286 0.070981175
0.25258252 -0.10341537 0.13621378
-0.019931685 -0.00734476 -0.14062943
0.11764322 0.025879206 -0.5887918
0.24860775 -0.028154293 0.29239058
0.19319457 0.02398992 -0.15640639
0.386949 0.026730461 -0.25721934
-0.010465789 -0.08572448 -0.22176763
0.6117294 0.0033213682 -0.43017042
-1.2624838 -0.035198208 -0.28258678
-0.18376148 -0.032824684 -0.46254265
0.6747324 -0.1376484 -0.49600112
0.250373 -0.043631896 -0.1401499
-0.14659327 -0.0010940762 -0.4393232
0.07937579 -0.009695418 -0.52230877
-0.35379472 -0.103298366 -0.08334228
-0.87526745 0.0409714 0.90984523
-0.16288655 0.0020268948 -0.31035882
0.1726322 -0.028219389 -0.6264217
-0.009516358 -0.021007821 -0.82291144
-0.005491689 0.047093544 -0.21493112
-0.39118502 -0.055527896 0.10596619
-0.10733482 0.008332924 0.4143039
-0.3203098 0.044577498 -0.36232945
-0.796008 -0.07237304 -1.0067061
-0.025754172 0.031251915 0.002947729
-0.15552329 -0.040912285 -0.26775283
-0.14722317 -0.019035501 -0.036411587
-0.36177003 0.012360181 -0.14254381
