#X Y Z
0.30934286 -0.00808086 0.4874479
-0.20662251 -0.016406601 0.23355734
0.29478896 0.033844944 0.60044533
-0.16794772 -0.014348739 0.43345425
-0.0809606 -0.0317751 0.49275166
0.48982453 0.0041812332 0.06781788
-0.03349027 0.05472139 -0.59968585
0.0915076 0.03765612 -0.22838417
-0.013767734 -0.055594206 -0.29053563
0.07934274 0.02828892 0.051059596
0.085075475 -0.012379429 -0.12553753
-0.5339882 -0.022281528 -0.6543979
-0.40117675 -0.0018580069 -0.013384223
-0.41091394 -0.016840199 0.14322358
-0.024266876 -0.033542257 -0.28101557
-0.008893207 -0.008565618 0.53278273
-0.059002057 0.022510907 0.36694568
-0.48090655 0.035235386 0.03936839
-0.028798044 -0.057161763 0.12218774
-0.3564374 0.017091407 0.39029098
