#X Y Z
0.027324008 0.008764447 0.01701049
-0.0925701 -0.0050932104 0.052427426
-0.04384246 -0.005165815 0.024803925
0.108613774 0.0013223822 -0.045856204
0.05322039 -0.016280403 0.15304437
0.0073499605 -0.020589057 -0.06786362
-0.19111621 -0.017658098 -0.20255096
0.061817605 -0.0039954423 -0.06476683
0.019690225 -0.016389376 -0.09724912
0.2691955 0.009044841 0.030260116
-0.16579717 0.006343138 0.071246885
-0.114694014 0.003991968 -0.0025207065
0.06158512 0.010056304 -0.1188881
-0.06293275 6.942888E-4 -0.035993688
-0.050507408 -0.0033866493 0.005958925
-0.0627798 -0.0011591646 -0.029632133
-0.08113775 -0.0042929216 0.0018634666
-0.021884881 -0.011956742 -0.027424531
-0.09129211 -0.02007246 0.23279883
7.368794E-4 -0.0069081443 0.035447814
