#X Y Z
-1.5622221 0.23830207 1.2316091
-1.3876746 -0.3220719 0.35206228
-1.462036 -0.027378408 1.447048
-1.8979356 0.12235323 0.16731101
1.6067687 -0.15427783 0.93996066
-1.1464534 -0.005142718 0.34508997
-2.0967987 0.14884375 0.32841754
0.2306838 -0.13360663 0.4108033
0.37493697 0.23945065 0.62967956
0.9228888 0.105382614 0.8176212
0.95625323 0.13402039 0.5242351
2.3392766 -0.10038185 -2.490825
1.0394756 0.024533214 0.3908052
0.5538825 -0.0017260546 1.028924
0.9671129 0.046265457 -0.8473939
0.08992397 0.17175435 -0.11787866
0.8623651 0.08086185 -1.4184058
-1.0637937 -0.1914998 -2.2859464
2.2547076 0.004182407 1.9570658
-0.50498724 -0.0303765 -1.4352515
0.65442485 0.06788087 -0.23283865
-1.2123978 -0.39110407 -3.3895254
0.5024415 0.18043788 -0.4782114
-0.9061783 0.14165817 -1.7289689
-0.011393564 -0.030408544 -0.18590382
-2.514283 0.026101312 -0.7446164
-0.26882547 0.039099928 -0.367417
0.86057204 0.036100134 -0.93268585
4.119955 0.08690622 -0.03785831
-0.97257316 0.018277062 -0.82498896
-2.3591928 -0.0680287 -0.8378808
2.0222075 8.705292E-4 -0.5437823
-0.036271572 0.1056957 -0.40365815
-2.625248 0.1910425 1.6190876
-1.3567086 0.21553628 -0.22616556
-1.7474668 0.06847115 1.1860455
-0.568858 -0.12813778 -0.57977176
1.3168576 0.0029575834 -2.6320658
-0.9192096 0.121443264 -1.0317563
0.005381167 -0.27546105 -1.5730518
-1.3125265 0.005584397 0.4664407
-1.7882898 0.05565022 -1.039249
-2.5888817 0.27016044 -1.5880305
-1.1523283 -0.23862241 -1.4297607
-0.5223489 -0.0697844 1.7205901
-0.25739452 -0.11994313 -0.33683074
-0.5058391 -0.1353803 -0.20926642
0.3761199 -0.13531145 2.952558
