#X Y Z
0.28249598 -0.044088256 0.53329116
0.88175875 0.0015593234 0.16008809
-0.69370794 0.059945405 0.69627774
-0.6605009 -6.347426E-4 2.058683
-0.75730586 0.0481391 0.5632364
0.4264528 0.021885091 0.22365972
1.0897592 0.051326968 -0.28941846
-0.36184978 -0.023516623 0.7569101
1.186733 0.011552624 1.1960268
0.48093018 -0.13932286 0.5624133
0.22645073 -0.11079065 -0.2774753
1.1910694 0.17491929 -0.66385865
0.45106652 0.14119755 -0.46448395
0.1501333 0.039466526 0.17127554
-0.030458905 0.010470887 -0.48054773
0.3297167 0.06058915 -0.30844098
0.05146216 -0.118448466 -0.5635574
0.16372848 0.1426988 -1.5087883
-0.26682764 -0.0014748162 -0.8524758
-0.3683046 0.0061350823 -0.7512263
0.06341018 -0.006532559 -0.63922143
0.2168854 0.09401673 -0.6755758
-1.0325639 -8.081471E-4 -0.871066
0.006801518 0.036624853 -0.12403712
-0.51727027 -0.067672424 0.01840382
-0.15606846 0.0072825416 0.37940744
0.58759105 0.13293035 1.607538
-0.90800476 -0.1406184 -0.8800984
-0.097417824 -0.07131024 0.46577108
-0.9898832 0.009216923 -0.22696069
-1.2559516 0.038582984 0.008464396
-0.39910173 -0.03143094 -0.8084885
