#X Y Z
0.4064384 0.033186935 1.1013545
-0.8010846 0.13395132 1.3092787
-0.23454116 0.09340076 0.39794585
1.5776324 -0.08318183 1.5762687
0.45360076 0.013704346 0.68661183
0.7594605 0.06052873 1.4473021
3.1031277 -0.035930365 0.045793444
1.234677 -0.26687884 0.5455169
4.191323 -0.20232587 -0.93438554
-0.79714596 -0.17115465 0.72282434
1.4294709 5.4422015E-4 2.102602
-0.0416227 0.022590235 0.72826487
1.0635419 -0.06045833 2.115096
1.081608 -0.12228702 1.5507812
2.7328053 -0.25673896 0.47879198
1.264399 0.25393167 -0.24162883
0.44838846 0.08284049 1.16186
0.59118336 -0.20408179 -1.733748
0.488613 -0.22830497 1.4480693
1.0624745 0.06278223 0.0118229985
0.04620666 -0.019980298 0.1844023
0.06114781 -0.13753946 -2.5605314
-0.09924519 0.24966845 -1.5768256
1.0010571 0.17129089 1.4204214
-3.2614563 -0.11550499 -2.0188882
1.760802 -0.04132342 -1.2272503
0.9351034 0.08409351 -0.5023363
-0.56550103 -0.09147633 -1.8394979
-0.004124284 0.22081393 -0.4740675
-0.34402478 0.026308993 -0.69691074
-0.06367317 -0.028339706 -0.7349788
-0.17386866 -0.15121633 -1.2561356
-2.8791604 0.18939455 -0.9871954
1.0503527 -0.07913267 -0.8122295
0.9243655 0.015516489 -2.644461
-2.5083635 -0.12031609 -0.010007203
2.3891702 0.06797572 -1.1506171
1.4943693 0.04255039 -0.6355845
-1.0645304 -0.48763302 -0.8625656
-1.6224685 0.29102528 1.2581598
-2.9699442 0.040129848 1.6675625
-2.1701076 0.2213421 -0.1852299
-1.5580847 -0.06961994 -1.168418
0.24478287 0.19320844 3.6731842
-1.3236415 0.13323937 -0.5911488
-3.431391 0.068073645 2.0858002
-1.46995 -0.08540643 -0.96177787
-1.3359895 -0.010529736 -0.7779393
0.82872766 -0.16845565 -1.8013906
-0.385867 0.13567597 -0.49185312
-1.3813953 -0.005759267 -0.72752464
-0.6740641 0.10814324 -0.69804263
-0.7755095 0.01732466 -0.075053066
-1.6105416 0.020734295 -0.9362736
-1.5391715 -0.085530385 -0.43955177
-1.7638011 0.22157758 0.17296863
-1.34637 -0.2739035 0.45205435
0.2592889 -0.22875616 1.3267
-1.9415939 -0.07321381 1.4689906
-1.5528412 -0.002327211 0.192393
-0.32623535 -0.03650587 1.7030302
-0.28205216 -0.20409487 1.6825079
-1.418102 -0.13677768 1.9770646
-2.4570355 0.1618348 -1.3268502
-0.44567645 -0.059527725 1.5734818
-1.0689471 0.15078552 1.4857883
-0.16866365 -0.17378776 0.6860776
0.61417055 -0.019030739 3.0405605
-1.3530195 -0.21168329 1.7312418
-0.6693169 -0.07145419 1.2045546
-1.0377835 -0.115108125 0.28992283
-1.8699305 0.22310865 1.0642571
2.2140803 0.09441553 0.6700172
0.49736744 -0.24004422 2.229694
0.122932196 0.18941277 2.5492957
0.17458573 0.046712287 1.0739319
0.5593906 -0.08657094 1.615493
0.27739698 -0.15451328 2.3630366
