#X Y Z
1.9208304 0.0915415 2.2094111
1.8053906 0.12697609 -0.055059373
0.6993223 -0.10289591 1.1576903
0.9298363 -0.059444595 2.1337183
2.4949024 -0.10097222 -0.78734386
1.8131998 -0.41036025 -1.4226222
0.524657 -0.115961626 0.93094355
2.0483515 0.1167373 1.454725
2.1718388 -0.29810143 -2.000369
1.6989548 0.26016554 -2.4182818
1.5839343 -0.07058388 -1.8436401
1.8235004 -0.20821907 -2.5289063
0.38730508 -0.19865656 3.2313461
-0.96409976 -0.017332612 0.5624658
2.73319 -0.1401675 3.980116
0.81409067 0.19287823 2.8838573
-0.55579334 -0.2706577 0.24389389
0.24582303 -0.16224614 0.19178396
1.1714973 0.02529058 1.3606226
0.055565596 -0.24365523 2.991994
3.4541676 -0.17597155 -2.6270242
-2.2535813 0.039552767 -3.218167
1.2866316 0.23160808 -0.2542618
0.57811695 -0.10412784 -0.53635615
-0.7915456 0.22334409 -4.9628363
1.6198492 0.007753325 -1.9111247
1.6638896 0.3449178 -1.6268638
0.3204921 -0.48278314 -3.5300508
3.0097253 0.19408603 -2.1504023
-0.2638008 -0.29073253 -2.339622
-1.8796899 0.30904633 -3.2380736
1.3839593 -0.09079554 -2.2942016
2.7733915 -0.056179024 0.73040956
0.99868584 0.20253216 -4.484217
0.5263578 -0.061722003 -2.8612146
1.7510519 -0.061803434 1.0854996
3.7929914 0.1907654 0.55299735
0.26665655 -0.14091134 1.1716429
-0.8723681 -0.20306168 -1.854292
-1.3658509 -0.1077971 -2.568726
1.606555 0.046480972 -0.79502285
0.6836137 0.37894356 -2.0982268
-1.5533891 0.025032554 -0.99138737
-2.084562 0.02742061 -0.80599236
0.81805027 0.018138915 -3.8248754
0.36551186 -0.22557232 -3.396883
-3.069208 0.03027354 -0.5772685
-1.9039052 0.14521427 -1.7710541
-2.792001 0.26288798 2.1129887
-1.9926186 0.17681384 -0.71132326
0.29905456 0.11230946 -0.11620712
1.2211766 0.01737286 -1.7173346
0.43436337 0.062810786 -1.3026392
-0.17599976 -0.038463417 -0.46547657
-1.4742068 -0.2681665 -4.33064
-2.8660243 0.117747866 -2.9403386
-0.19371387 0.08312091 -0.35901216
-2.4400535 -0.13646449 1.8833493
1.3337884 -0.05681928 -1.0670931
1.6458375 -0.08419545 -0.46094137
-1.5634909 0.20304845 1.5377992
-0.62482667 0.3830719 -1.2094778
0.28786084 0.06380115 3.3892276
-0.058612704 0.021392312 2.7191029
-0.45102587 0.029286904 -0.5748636
-2.4302828 0.12477735 -2.4044585
-1.3564975 -0.5867732 -0.762915
-1.0371976 -0.21511802 -2.5518339
-2.1824768 -0.26119187 -0.25511467
0.13135862 0.036797542 5.022008
0.7044951 0.097150564 3.783896
-3.4452055 0.18570691 -1.6841531
-3.8280764 -0.07487432 -0.55576766
-1.2165248 0.21165302 -1.1087532
-0.2703418 -0.35854635 0.043256447
-1.1200361 -0.2165241 -1.4277428
-1.5188965 0.15564106 0.67515236
0.26963192 0.1654394 -0.29650682
-3.1244214 -0.2641722 -2.2158675
-3.770508 0.04998406 0.34886205
-0.29705554 0.10407926 1.844876
1.7516431 -0.062308803 2.4956024
2.58181 0.009264056 -5.220981
-2.3051283 0.030208586 0.624303
2.5642936 0.037481263 0.84306085
1.2977362 -0.11539165 1.3686757
1.4507146 0.13282336 1.1172686
-0.42511582 -0.13558306 0.112914026
1.0948021 -0.07879775 1.8879304
2.8755922 -0.09470966 3.7939582
0.56109023 0.46720752 1.1924242
3.789832 0.08119994 4.259491
-2.4401023 0.12747483 -0.4210918
-0.96216065 0.15980528 0.5813131
-0.64142334 -0.25924397 2.1851451
-1.7593789 0.14837383 -0.35772818
-3.1768498 -0.26841044 3.2603605
0.9937738 0.20474102 1.256707
2.3360012 0.12686393 2.652314
-1.3712095 -0.5740974 0.9770351
