#X Y Z
-0.06892589 0.012024732 0.042483017
-0.095289394 -0.006187059 0.10234909
0.08924397 0.018583274 -0.0085684955
-0.039101496 0.006415172 0.10952534
0.07698749 0.028864319 0.08824135
-0.028755903 0.009733057 0.13218595
0.08188442 -0.02895404 -0.001174137
0.06554764 -0.040202312 -0.101818494
-0.10986419 0.007842218 -0.09052298
-1.2882625 0.023928337 -0.6286816
0.3562814 0.0075227967 -0.6899396
0.52141684 -0.015606281 0.20794475
0.6354371 -0.023219869 -0.090178445
-1.4999075 0.0032677941 -0.39665145
-0.94979346 -0.0012800059 -0.8899217
-1.2069421 -0.008127708 -0.73215806
0.613113 0.029072246 -0.49876064
0.61955863 -0.009161058 0.18758518
0.61002874 -0.004842659 -0.07481633
0.40018642 -0.017934106 0.22818184
-0.5215091 -0.014390529 -1.0253763
0.49769974 0.017618572 -0.5077948
-0.37763116 0.016571263 -0.97864014
0.4685106 -0.0012461965 0.29640836
-0.7924808 -0.016865946 -0.9593044
0.7069598 -0.028022032 -0.22053568
-0.75090045 -0.014345562 -0.932856
0.026353508 -0.024567239 -0.93877333
0.35561082 0.015379169 0.34392667
0.32692048 -0.0061620087 0.38846987
-1.5245566 0.0013709791 -0.38204193
0.5110101 0.013717295 -0.63943
0.5789167 -7.611641E-4 -0.2742344
0.2921212 -0.04146135 -0.78426236
0.55165327 -0.0020602688 -0.49587542
0.5568171 0.018330544 -0.42352945
0.24928553 -0.0044008796 -0.80453736
0.5606711 0.011330965 -0.40093476
0.44610715 0.042436022 0.35200715
0.41198742 -0.016767962 0.28175926
-1.781429 -0.048367746 0.42750442
-1.2556723 -0.0101240855 -0.6838352
0.5455965 -8.773272E-4 -0.4763375
0.38506487 0.0018405423 0.363866
-0.0027773976 0.01167489 -0.54843193
0.215451 -0.024068667 -0.3025363
-0.6062391 -0.013960443 -0.63179433
-1.4269038 0.0072055757 0.47868627
-0.02760078 -0.0022708573 -0.5535744
0.21150495 0.01380618 -0.35261625
-0.021700919 -2.561448E-4 -0.57432365
0.26187897 -0.003513416 -0.28881276
0.008739576 0.005432899 -0.52965945
-0.1421305 0.014012015 -0.5711575
-0.7557347 0.012695895 -0.5225074
-1.3503703 0.023258332 1.016265
0.026856214 0.01614618 -0.46795475
-0.018973738 -0.0027460372 -0.59317005
-1.3719656 0.010390317 0.9072725
-1.4213037 0.019040808 0.4057629
0.282222 0.0121213235 -0.31401926
0.30721456 -0.022752106 -0.29868788
0.020777881 9.956466E-4 -0.46592748
0.30040407 -0.019509725 -0.40150237
0.4118655 -0.008590002 -0.05297081
-0.09481965 0.0017789713 -0.5791515
-0.47158176 -0.014938834 -0.58787745
-0.48700708 -0.010405512 -0.6306078
-0.3330232 0.023237398 -0.6476243
-1.1000968 0.008240957 -0.28624594
-1.0099136 0.008122904 1.6287729
-1.2941635 0.02253419 0.055345386
-1.2278324 -0.002786789 -0.059855387
9.572804E-4 -5.8838027E-4 -0.55653095
-0.039563134 0.0074129445 -0.5583346
-0.26558605 -0.008420353 -0.6084619
0.34112573 -0.004245604 -0.06295942
-1.4012265 -0.004475963 0.8076368
0.33028004 -0.0027133822 -0.047139883
1.0054059 -0.0055586784 0.82898265
-0.6814877 0.029876832 -0.061460882
-0.6429517 0.03490319 0.013424233
-0.5931817 0.0010868507 0.21567886
0.6997826 0.0069303685 0.9580161
1.6813194 -0.04612748 0.08851309
-0.52760285 -0.012821639 0.45573264
-0.46683604 -0.019294495 -0.22046164
1.7211434 -0.002629572 -5.764812E-4
0.8284864 0.0135965515 0.93485695
-0.66166854 0.008620121 0.26197547
0.4345435 -0.035485577 1.0261792
0.83735466 -0.002277265 0.93505365
-0.5320207 0.032013033 0.49050122
1.7501571 0.01557818 -0.14130773
0.38692892 0.0061584143 1.0001428
0.649374 -0.0025814993 1.0204283
1.6992301 0.009911252 0.048824325
-0.6576095 0.008858034 -9.848922E-4
1.8261596 -0.0052427356 -0.45917952
1.7010291 0.010180714 -0.038181886
-0.6241817 0.0046159504 -0.13943794
0.85081947 -0.03593272 0.9519153
-0.6269889 -0.039484344 0.064203665
-0.6859246 -0.015314472 0.14938034
-0.64106846 0.016174382 0.012560025
0.22750857 0.017413642 0.98984855
-0.15947974 0.0067414776 0.84878355
-0.037466556 -0.035887115 0.93731946
-0.43681738 -0.048511717 -0.29840305
1.6384286 0.005106937 0.1779338
0.182315 0.044767525 1.0260695
-0.10852137 0.01579254 0.9227465
-0.49013728 -0.030197201 -0.2773994
1.772359 -0.004626578 -0.1851653
0.95131946 0.004172447 0.411438
1.2361405 -0.006830273 -0.04277657
0.55247134 -0.011767676 0.60076946
-0.35137656 0.02867248 0.17547755
0.11996323 0.010138826 0.6141376
0.49935704 -0.012401001 0.64369875
1.3846334 0.021133725 -0.22438721
1.3610221 0.0050677457 -0.2460256
1.1978335 0.004989713 -1.3657296
-0.34401298 0.015121803 0.21631818
1.0078336 0.017945234 -1.6518703
1.1894927 0.005563756 -1.3847787
-0.31836507 0.03095738 0.25110734
1.4100788 0.011836976 -0.7947355
-0.0686959 -0.00929708 0.4627924
1.164643 0.0085888915 -1.3960812
-0.29212445 0.011942798 0.07723887
1.3883002 -0.02656546 -0.56090933
0.72478783 0.02686682 0.5370221
1.1444497 0.008181164 -1.4026071
1.3439285 0.02306167 -1.092315
0.104154825 -0.028211206 0.6093732
-0.3394524 0.01527963 0.04736863
1.3676472 -0.0011401948 -0.9347628
1.4077569 0.006292194 -0.37610656
0.6582098 0.018378811 -1.9108119
0.29049513 -0.029201712 0.608001
-0.31241798 -0.020197393 0.26408654
-0.07811451 -0.014476912 0.5039696
0.6638137 0.010990377 -1.9285251
0.21389449 -0.0010324377 0.6389948
1.4013507 -0.019269513 -0.8372701
0.97715724 0.00435338 0.36275834
1.2390894 -8.074357E-4 0.1125253
1.4466792 0.014122207 -0.64374
