#X Y Z
3.307904 -0.17116271 0.27302766
-0.5290992 0.0034153233 0.6817616
2.3270545 -0.0050256904 -1.3522662
-0.9513508 0.18106645 1.4108154
0.21467128 -0.06746224 0.9749358
0.7319441 -0.14925435 2.3963404
1.17838 0.04927307 0.69904655
1.785571 -0.15011966 2.0601547
0.71943384 0.10806932 1.7048222
0.8968838 0.15756331 -2.8504272
-0.15135378 0.106108956 2.3019557
-0.68050313 -0.21833816 1.2121766
2.4238698 0.09864446 -2.1680155
-0.21736483 -0.11706281 0.13206011
0.62821805 0.09139962 1.5368245
1.0925691 0.25057608 -1.9927529
0.5848878 -0.033305112 2.364092
2.233479 -0.06901604 -0.14092791
1.136194 -0.03773046 -2.575398
3.151414 -0.05447714 -0.636454
0.45747966 -0.2732318 0.60441744
0.69761896 0.053561334 3.1698465
0.35396928 0.11761267 0.33522972
1.2530365 -0.03310139 -1.013426
-0.5478311 0.14817356 2.055286
0.36405712 -0.14719887 -2.9220216
1.8950787 -0.13139647 0.79754174
3.4675484 -0.2351812 -0.08998793
0.32759443 0.08321631 0.58273965
0.17238691 0.07096654 0.4695389
1.7892668 0.04993936 1.1375676
-0.4563483 -0.27603728 0.76310134
-0.20073508 0.04029897 0.1395901
0.931608 -0.026735997 1.3163794
1.1175268 0.050637677 -4.199078
-0.8623996 0.13076672 -2.0160801
0.9600477 -0.068896376 1.2071865
1.6118205 0.06340315 -0.74619734
-0.0023429394 0.31358516 0.880538
1.0685142 0.06854674 -0.5050094
-0.97321063 0.3210752 -3.280765
-0.2906865 0.11180443 -2.1182773
2.2417269 -0.08481053 1.0138639
1.1352152 -0.10753146 0.99824744
-0.12716949 0.057391275 0.53371954
-1.0622314 0.18831815 -2.5746372
1.3789446 0.418042 -1.1792425
0.12281513 -0.027051397 -1.6433411
0.30016953 -0.11885812 0.20810243
-2.6022925 -0.005877747 -4.11496
2.773064 -0.004880683 -0.27385157
1.1364617 0.15453234 0.18384358
1.2809579 -0.3267545 1.3405112
0.6265901 0.02662605 0.4906714
-0.35207945 -0.074273504 -2.093746
1.3216015 -0.22005498 -0.43685782
0.82321703 0.08086391 -1.5350311
3.3418226 0.042476133 0.64661497
0.7411202 0.03668461 1.3065939
2.0041945 0.01208522 -2.55952
0.6767086 0.20273066 -1.0710125
0.7799067 -0.08375967 0.25501102
1.1800241 0.33984035 1.430567
1.6137011 0.12841333 1.2031914
0.20460337 -0.15803555 -0.7541617
0.35934803 0.20310308 -0.15692513
0.62618005 -0.018453358 -1.3613718
1.148512 0.08053631 -0.8343762
-0.37599295 -0.1769947 -1.7130758
1.2566572 0.07023535 -1.3704836
-1.3004394 0.026850745 -0.63756716
-0.4300254 0.13484442 -0.67920774
1.328358 0.07688766 -0.7201992
-1.7697403 -0.068775795 -0.42206138
-2.099972 0.018505586 -0.9281149
-0.04507929 -0.17289641 -2.2720447
1.7246243 -0.23971742 -0.22923297
-0.09651189 -0.06331993 -0.6476939
-3.1131854 -0.39847732 -1.345967
1.5612295 -0.37849742 -1.040514
0.99045444 -0.08318433 -0.8031135
-0.4153244 -0.033993017 -1.4277731
0.7613429 0.12696049 -3.2035823
1.2156026 -0.03971489 -1.0360533
-3.285182 0.11619162 -0.24010321
1.9726069 -0.039141893 0.016142845
-1.9043032 0.072227165 -3.208811
1.400954 -0.036125444 -1.1818697
0.33429414 0.20513882 -1.9135907
1.4978781 -0.1975158 -0.57953185
2.3651698 -0.28406236 -0.8205959
-2.7388072 0.026918704 0.84213626
2.214159 -0.0944993 -1.2267884
0.48375547 -0.049320657 -0.882715
0.22378048 0.057695623 -0.42779508
-0.40715528 0.020075483 -1.401465
0.13135132 -0.21111543 -0.1349081
2.297927 0.017607445 -1.2773707
-2.391275 0.16614597 -0.14545512
0.38742018 0.049262445 3.2197485
-1.1840463E-4 0.1236008 -1.0540649
-0.9521531 0.0064114444 0.15787202
-1.4121188 -0.023120834 1.3991293
-2.4281588 0.14891416 -1.3516088
-1.4862632 -0.047869425 -1.2052196
-1.7161877 -0.0422583 -0.43478328
-1.4295634 0.0682341 -1.1984165
-3.7805293 0.067921884 -0.35019493
-1.4632607 0.056948323 1.7746533
-2.0560937 -0.14916983 -1.7223089
-1.9648957 -0.09532841 1.1284018
2.688711 -0.0842036 4.58793
-2.5018904 0.10692077 1.0133302
-0.70838386 0.13880701 -0.22942425
-0.9105932 -0.0014682707 -3.203846
0.038312346 -0.062034573 -0.34447187
-2.2051973 0.06903192 2.4299612
-2.168648 -0.07214675 -0.18099117
-2.2767723 -0.016496282 0.79318136
-2.1712604 -0.33742896 -2.6819172
-2.57207 0.06714294 -0.42500535
-1.0614429 -0.088251084 -1.0186598
-0.7824985 0.16494474 -2.474811
-1.3569642 -0.19712049 -2.670463
0.9837316 -0.0765231 -1.0407499
0.6372165 0.06566688 -0.8692351
-1.8814179 -0.11016424 0.74936783
-1.1148131 -0.28525874 -1.0881039
0.2089256 0.12964717 -0.42909586
-1.0831747 -0.26111922 -0.040843785
-0.07462692 0.116840005 3.6116607
-0.1824063 0.0620848 -0.34112218
-0.4829994 -0.10424226 1.210596
-0.18375725 -0.09972436 1.3298426
-0.15267858 0.06619606 -0.7605072
-1.780349 0.15085939 0.981022
-0.13259462 -0.04346637 0.8394703
0.4347333 -0.06939166 2.7774632
-0.24284746 -0.08574066 0.52808017
-0.6378533 0.15025954 0.19905387
-0.8097772 0.123799704 -0.3918047
-0.35901237 0.25818032 -0.75822127
-1.5117598 0.25713462 -0.29970688
-0.69411886 -0.081329614 1.1766067
-2.8318896 -0.059020568 -0.17705354
0.061448514 0.124881506 1.4356718
-2.248418 0.18359268 0.7303736
-0.7193539 -0.06801821 0.46167585
-3.533669 -0.06477619 -0.05802238
-0.33134142 0.14035878 0.6182438
-1.2671758 -0.03185716 1.056052
-1.0885553 0.06684431 -0.40083617
-1.5452805 0.052014332 0.8257415
-2.9625943 0.026714018 2.2348166
-0.39305663 0.061964415 0.3348455
0.35682255 0.061934404 2.7897027
-1.1003282 -0.015662983 -1.3435613
-0.5146737 0.17917696 1.3525846
-2.9498022 0.17397448 -0.5820233
-1.6944466 0.040766425 0.45125878
-1.3524013 0.08872102 -1.026317
-0.0656597 0.13587657 1.2950809
4.5819564 0.3323701 0.5357716
-2.1463733 -0.114238754 -1.161942
-0.4111449 -0.045996804 -0.17311041
-2.252653 -0.14665766 1.3623403
-0.24448001 -0.14320298 0.52992177
-1.2983146 -0.12095313 1.4659127
1.7586855 0.0760191 1.7303305
0.24625236 0.07162737 1.3667681
0.8715918 -0.013195673 0.81189716
-1.1089714 0.1659171 2.3378417
-0.7848347 -0.14240704 1.157321
-0.97564316 0.28217915 -0.03702289
2.9659455 0.073588595 -1.4930913
-0.28264436 -0.06099433 0.17532185
-0.7851262 0.13875319 1.5874922
-1.8680385 -0.11256808 1.5365703
0.1724866 0.020504963 2.0018358
1.4457169 -0.107581005 0.8025857
0.8927462 -0.20078656 2.317685
0.062925 0.0050994735 0.55918837
-0.3012172 0.010054078 1.9362104
-0.8629305 0.0595283 -0.12984398
1.0445738 0.09249205 1.3357404
-1.4058137 0.13124788 0.538841
-0.40257964 -0.0122202765 0.27425694
-1.1817241 0.089605756 2.8001764
-0.56003064 -0.14094028 1.4901748
-0.44212633 0.039459437 0.48546028
0.54225916 -0.124347225 0.46038005
-0.5205623 0.12285877 1.9702677
1.9436114 -0.07497399 1.0430913
1.9408218 -0.038344454 1.121083
1.3879774 0.09732555 0.7663405
-0.4111161 -0.013998913 1.2284968
0.66500163 -0.11827269 1.4259195
-1.6249151 -0.08161567 2.4716198
