#X Y Z
-0.10565816 0.06518645 0.19980872
0.19917662 -8.263368E-5 -0.011495531
0.09219582 0.020462701 -0.027474076
0.076021895 -0.002412905 -0.19194633
-0.17060989 0.040226225 -0.045016617
0.022066126 0.011490575 -0.3484097
-0.058466416 0.05320036 -0.10133502
0.1616083 -0.08241023 -0.356325
0.13432476 0.038188543 0.07130456
0.19578469 -0.021206746 0.1392554
0.07584491 -0.021823853 0.15568072
-0.036784034 0.05000581 0.38099778
0.00781688 0.054530602 -0.07253161
1.0844934 0.06613745 0.7483497
1.5871736 -0.039834246 0.22244132
1.2039416 0.006874001 -1.7309673
0.19398609 -0.047878444 0.63225365
1.7345868 -0.058673214 -0.268781
1.7080067 0.0068285526 -0.76869375
0.9190818 0.043433867 0.7187761
1.4478648 -0.087340325 0.44784674
0.46172112 -0.04971786 0.830955
1.5400147 -0.065716594 0.22868836
0.13619499 0.058464274 0.70646584
0.38405007 -0.029898256 0.9056766
1.2384328 0.04785854 0.62449366
0.69378877 0.053213403 1.0298204
1.7067602 -0.006579097 -0.7400002
1.5574623 -0.0030088576 -1.1348176
1.7277092 -0.041750696 -0.3411556
0.5879685 0.1295065 0.87626714
1.6246439 0.04303494 -0.1334297
0.31839424 -0.07913414 0.72457016
1.595921 -0.05325707 0.098951936
0.98648655 0.0034291164 0.8286448
-0.097038716 -0.083581686 0.671231
1.5724081 -0.045706593 -1.1533186
1.0723336 -0.0023225143 0.66042084
1.3381681 0.14635156 0.5463112
1.2587551 0.0091697555 0.72891146
0.20746097 0.022108912 0.76228964
1.7921798 -0.021635879 -0.4820994
1.4799329 0.045490015 0.24500978
0.5547415 0.05768782 0.88005596
0.11692488 -0.06365575 0.5066473
1.3893882 -0.056018513 0.55726653
0.46656722 0.040706143 0.9047468
0.08281593 -0.06794716 0.84103805
1.328226 -0.029337166 0.5182821
1.7541178 -0.040006667 -0.30478722
0.66962194 -0.008107803 0.2011191
-0.035922706 0.0012589507 -1.4831281
0.90488917 0.078157894 -0.42311043
0.540481 0.070021056 0.337932
-0.9688797 0.021467455 -1.7187457
0.4590742 0.025481172 0.6492746
-1.2088842 0.102314144 -1.6845126
0.013964355 -0.022427786 -1.5045881
0.75072765 -0.0035242843 -0.29910856
0.6040091 0.056327567 -0.028585285
0.68151164 -0.06807146 0.26366642
0.42381752 0.023165066 -1.2423337
-0.17565781 0.06564798 -1.5391085
0.78691983 0.011844264 0.05783096
0.23727393 0.121440604 -1.4467692
0.86547554 0.013483076 -0.4650786
0.30561954 -0.02048209 0.3698281
0.9220699 0.10535915 -0.08579677
-0.033592105 0.06695285 -1.5210862
0.21437925 0.0035076854 -1.371566
-0.017750569 -0.010833822 0.53124905
-0.5084636 0.08129511 -1.7049849
0.5002129 0.0231408 0.17683864
0.80147755 -0.0089070415 0.034468174
-0.20629543 0.009701457 -1.5212638
0.67438024 -0.1065848 0.16694987
0.3139929 0.06898313 0.22805819
0.6314987 -0.03045897 -0.99693865
-0.9846717 -0.025990497 -1.6870644
-0.94154936 -0.04796191 -1.7120445
-0.4788044 -0.074997514 -1.6768155
-0.27972335 -0.03901392 -1.6273906
-0.96193767 0.02311684 -1.7551422
-0.14846134 -0.08983239 -1.509058
-1.0816438 -0.03314751 -1.6785505
-0.9262353 -0.015585862 -1.7688329
-0.3803187 0.03762728 -1.6758318
-1.4823757 -0.003984958 -0.39961135
-1.3744736 -0.06234191 1.6055205
0.0922828 -0.0034356855 -0.61993873
-0.9556172 -0.099593714 -0.79046696
-1.6149417 -0.008769959 0.1996041
-0.029904699 -0.011140865 -0.6529546
-1.0777913 -0.018703174 -0.7886716
-0.07475016 0.012839752 -0.7255467
-1.6184564 0.0056976182 0.7358615
-0.4528791 0.006768165 -0.9713272
-0.37351763 -0.025494967 -0.79327637
-1.1952689 -0.03654176 -0.69429076
-0.50047994 0.058804434 -0.98821175
-0.49371243 -0.08383548 -0.90723145
-0.20062712 0.021841228 -0.77313864
-1.3544043 -0.019505206 1.5818348
-0.587295 0.003972075 -0.94909334
-1.2679756 0.035098393 -0.6853555
-1.6517668 -0.07326053 0.09991479
-0.28476351 -0.06619609 -0.9477868
-0.2637544 0.010851266 -0.81756103
-0.6289956 0.09515956 -0.84708965
-0.36777875 -0.0156149715 -0.7730684
-0.17555678 -0.0026128602 -0.77071583
-1.66167 -0.041447498 0.21175915
-0.17674427 0.053137287 -0.6822326
-1.4601785 0.05662845 1.3902073
-1.7006384 -0.05007264 0.9301575
-0.9778318 -0.011553057 -0.81490564
-1.2065336 -0.04766565 -0.67216885
-0.7118116 -0.0053045927 -0.8822245
-1.7104523 -0.021239484 0.61350614
-0.43532267 -0.04185646 -0.82777584
-1.1525649 0.003488687 1.759022
-0.45798486 0.014396966 -0.8725555
-1.7801641 -0.034009703 0.3820414
-1.3971821 -0.09940337 -0.4838604
0.8717711 0.033797815 1.7090695
-0.51655954 0.018966712 -0.32792526
-0.6524285 0.038808506 -0.23233962
-0.49576885 -0.00785228 -0.33009177
-0.85897565 0.13334313 0.5016164
-0.8243612 -0.08729837 0.572336
-0.7165561 0.016521186 0.07156998
1.0627869 -0.08181008 1.6855876
-0.4974104 0.0015350505 -0.34935108
-0.1491981 0.020221353 -0.3325873
-0.6757562 0.021545794 -0.08097255
-0.07284123 0.022085667 -0.20958771
-0.4771613 -0.0019167576 -0.40567034
0.40574878 -0.065677136 1.7540951
-0.1293098 -0.06496168 -0.53750473
-0.9599185 0.021275057 0.49759895
-0.10279118 -0.07160435 -0.53986406
-0.72779614 -0.012135939 0.41076124
-0.65200955 -0.03654397 0.043649107
-0.8955326 0.042409856 0.39898038
0.55456436 -0.047060452 1.6641014
-0.043316334 -0.01212638 -0.44351822
-0.6617288 0.05519665 -0.09949744
-0.20493028 -0.05019484 1.4367177
-0.636607 -0.0031957887 0.683001
0.102323055 -0.029918969 1.5373743
-0.6669971 -0.03427368 -0.33136046
-0.4054204 0.070759885 -0.28749794
-0.8190367 0.100384615 -0.06549826
-0.26589048 0.057427965 1.326823
-0.6852524 -0.021934992 0.707249
-0.18463665 0.024531515 -0.49827713
-0.30618322 -0.016488228 1.3639672
-0.33083826 -0.066452436 1.167593
-0.4099728 -0.0023619356 -0.34095892
-0.8538648 0.052928604 0.36202043
0.8964567 0.12054319 1.778372
